Ch1_Freq1,Ch1_Freq2,Ch1_Freq3,Ch1_Freq4,Ch1_Freq5,Ch2_Freq1,Ch2_Freq2,Ch2_Freq3,Ch2_Freq4,Ch2_Freq5,Ch3_Freq1,Ch3_Freq2,Ch3_Freq3,Ch3_Freq4,Ch3_Freq5,Ch4_Freq1,Ch4_Freq2,Ch4_Freq3,Ch4_Freq4,Ch4_Freq5,Ch5_Freq1,Ch5_Freq2,Ch5_Freq3,Ch5_Freq4,Ch5_Freq5,Ch6_Freq1,Ch6_Freq2,Ch6_Freq3,Ch6_Freq4,Ch6_Freq5,Ch7_Freq1,Ch7_Freq2,Ch7_Freq3,Ch7_Freq4,Ch7_Freq5,Ch8_Freq1,Ch8_Freq2,Ch8_Freq3,Ch8_Freq4,Ch8_Freq5,Ch9_Freq1,Ch9_Freq2,Ch9_Freq3,Ch9_Freq4,Ch9_Freq5,Ch10_Freq1,Ch10_Freq2,Ch10_Freq3,Ch10_Freq4,Ch10_Freq5,Ch11_Freq1,Ch11_Freq2,Ch11_Freq3,Ch11_Freq4,Ch11_Freq5,Ch12_Freq1,Ch12_Freq2,Ch12_Freq3,Ch12_Freq4,Ch12_Freq5,Ch13_Freq1,Ch13_Freq2,Ch13_Freq3,Ch13_Freq4,Ch13_Freq5,Ch14_Freq1,Ch14_Freq2,Ch14_Freq3,Ch14_Freq4,Ch14_Freq5,Ch15_Freq1,Ch15_Freq2,Ch15_Freq3,Ch15_Freq4,Ch15_Freq5,Ch16_Freq1,Ch16_Freq2,Ch16_Freq3,Ch16_Freq4,Ch16_Freq5,Ch17_Freq1,Ch17_Freq2,Ch17_Freq3,Ch17_Freq4,Ch17_Freq5,Ch18_Freq1,Ch18_Freq2,Ch18_Freq3,Ch18_Freq4,Ch18_Freq5,Ch19_Freq1,Ch19_Freq2,Ch19_Freq3,Ch19_Freq4,Ch19_Freq5,Ch20_Freq1,Ch20_Freq2,Ch20_Freq3,Ch20_Freq4,Ch20_Freq5,Ch21_Freq1,Ch21_Freq2,Ch21_Freq3,Ch21_Freq4,Ch21_Freq5,Ch22_Freq1,Ch22_Freq2,Ch22_Freq3,Ch22_Freq4,Ch22_Freq5,Ch23_Freq1,Ch23_Freq2,Ch23_Freq3,Ch23_Freq4,Ch23_Freq5,Ch24_Freq1,Ch24_Freq2,Ch24_Freq3,Ch24_Freq4,Ch24_Freq5,Ch25_Freq1,Ch25_Freq2,Ch25_Freq3,Ch25_Freq4,Ch25_Freq5,Ch26_Freq1,Ch26_Freq2,Ch26_Freq3,Ch26_Freq4,Ch26_Freq5,Ch27_Freq1,Ch27_Freq2,Ch27_Freq3,Ch27_Freq4,Ch27_Freq5,Ch28_Freq1,Ch28_Freq2,Ch28_Freq3,Ch28_Freq4,Ch28_Freq5,Ch29_Freq1,Ch29_Freq2,Ch29_Freq3,Ch29_Freq4,Ch29_Freq5,Ch30_Freq1,Ch30_Freq2,Ch30_Freq3,Ch30_Freq4,Ch30_Freq5,Ch31_Freq1,Ch31_Freq2,Ch31_Freq3,Ch31_Freq4,Ch31_Freq5,Ch32_Freq1,Ch32_Freq2,Ch32_Freq3,Ch32_Freq4,Ch32_Freq5,Ch33_Freq1,Ch33_Freq2,Ch33_Freq3,Ch33_Freq4,Ch33_Freq5,Ch34_Freq1,Ch34_Freq2,Ch34_Freq3,Ch34_Freq4,Ch34_Freq5,Ch35_Freq1,Ch35_Freq2,Ch35_Freq3,Ch35_Freq4,Ch35_Freq5,Ch36_Freq1,Ch36_Freq2,Ch36_Freq3,Ch36_Freq4,Ch36_Freq5,Ch37_Freq1,Ch37_Freq2,Ch37_Freq3,Ch37_Freq4,Ch37_Freq5,Ch38_Freq1,Ch38_Freq2,Ch38_Freq3,Ch38_Freq4,Ch38_Freq5,Ch39_Freq1,Ch39_Freq2,Ch39_Freq3,Ch39_Freq4,Ch39_Freq5,Ch40_Freq1,Ch40_Freq2,Ch40_Freq3,Ch40_Freq4,Ch40_Freq5,Ch41_Freq1,Ch41_Freq2,Ch41_Freq3,Ch41_Freq4,Ch41_Freq5,Ch42_Freq1,Ch42_Freq2,Ch42_Freq3,Ch42_Freq4,Ch42_Freq5,Ch43_Freq1,Ch43_Freq2,Ch43_Freq3,Ch43_Freq4,Ch43_Freq5,Ch44_Freq1,Ch44_Freq2,Ch44_Freq3,Ch44_Freq4,Ch44_Freq5,Ch45_Freq1,Ch45_Freq2,Ch45_Freq3,Ch45_Freq4,Ch45_Freq5,Ch46_Freq1,Ch46_Freq2,Ch46_Freq3,Ch46_Freq4,Ch46_Freq5,Ch47_Freq1,Ch47_Freq2,Ch47_Freq3,Ch47_Freq4,Ch47_Freq5,Ch48_Freq1,Ch48_Freq2,Ch48_Freq3,Ch48_Freq4,Ch48_Freq5,Ch49_Freq1,Ch49_Freq2,Ch49_Freq3,Ch49_Freq4,Ch49_Freq5,Ch50_Freq1,Ch50_Freq2,Ch50_Freq3,Ch50_Freq4,Ch50_Freq5,Ch51_Freq1,Ch51_Freq2,Ch51_Freq3,Ch51_Freq4,Ch51_Freq5,Ch52_Freq1,Ch52_Freq2,Ch52_Freq3,Ch52_Freq4,Ch52_Freq5,Ch53_Freq1,Ch53_Freq2,Ch53_Freq3,Ch53_Freq4,Ch53_Freq5,Ch54_Freq1,Ch54_Freq2,Ch54_Freq3,Ch54_Freq4,Ch54_Freq5,Ch55_Freq1,Ch55_Freq2,Ch55_Freq3,Ch55_Freq4,Ch55_Freq5,Ch56_Freq1,Ch56_Freq2,Ch56_Freq3,Ch56_Freq4,Ch56_Freq5,Ch57_Freq1,Ch57_Freq2,Ch57_Freq3,Ch57_Freq4,Ch57_Freq5,Ch58_Freq1,Ch58_Freq2,Ch58_Freq3,Ch58_Freq4,Ch58_Freq5,Ch59_Freq1,Ch59_Freq2,Ch59_Freq3,Ch59_Freq4,Ch59_Freq5,Ch60_Freq1,Ch60_Freq2,Ch60_Freq3,Ch60_Freq4,Ch60_Freq5,Ch61_Freq1,Ch61_Freq2,Ch61_Freq3,Ch61_Freq4,Ch61_Freq5,Ch62_Freq1,Ch62_Freq2,Ch62_Freq3,Ch62_Freq4,Ch62_Freq5
28.338607226574887,25.52633815111952,22.176680695532276,19.887444521833686,18.650767300747933,28.736564934157833,25.879369100609825,22.24288522120725,19.446553170680204,18.08837367647018,27.94680568991852,25.122898606417866,21.683189916618897,19.222239897455108,17.873540276796238,26.83887899535168,24.111299098459828,21.33140577948292,19.280410616555315,17.688292958779876,27.932595576672306,25.11222565475307,21.678463673207332,19.210897859756532,17.873854582104332,26.509360685853128,23.57542451662956,21.41640917539405,19.841211847112877,18.854654759219397,25.548820974797934,22.701158683294473,20.52444107228395,18.740938832264565,17.361961541311654,24.412235605317193,21.613175550010734,19.842883742630224,17.902444419058785,16.315658438229228,25.130719414512882,22.399240246645327,20.449192305976563,18.509360521100312,16.800821967776777,44.235952057075444,41.9805499994495,39.5484260241824,37.39609475759753,35.506890119098145,25.216610651231324,22.551857738039143,20.318009723243808,18.356304720699747,17.019075758758003,24.995383771378712,22.441867333849505,20.252294279298734,18.82876125250262,17.727204396656557,24.996331616656533,22.43737520391328,20.26315393561513,18.82966588813685,17.755778304540904,24.267029056749386,21.628203266109164,20.194944314739807,18.90735186069281,18.06550893773355,25.333305847738146,22.6266436896855,21.183038738140347,20.71114797746445,20.555501901000216,24.394682324977516,21.583996839159266,19.815046419301908,17.88090142675617,16.27842561222676,24.395583166235255,21.553457631335707,19.815548547870076,17.88713919600231,16.317625851947366,24.372448428713366,21.550426331167472,19.780620831707004,17.85021177209479,16.258540719941532,23.302800425826376,20.676418113351765,19.05075885396721,17.168068402613102,15.567659436340529,23.427961552220278,20.929000617413195,19.22765857738282,17.420262227370657,16.123460736890877,24.965063002137384,22.412460130021216,20.25274346915449,18.805966619745046,17.721336084352767,25.034609386397218,22.430791777270993,20.67443462506945,19.60829326910549,18.930321821302098,24.28434878649644,21.628965151535393,20.190558392010214,18.92752388236828,18.05316455543711,24.579169250327823,22.284578684825362,21.221696776499893,21.415073014689387,21.253286425394062,23.50524198320559,21.197479120322356,20.03243991089075,18.30088486617184,17.29767580027301,22.75828672982875,20.265822124183526,19.41878404170423,17.663215153493443,16.31160016981646,21.879505033409515,19.144948089904172,18.219045577723833,16.40882689263599,15.02053769479537,20.540955904062205,18.109519860792762,16.68741135224049,15.178194604072107,14.052043543196925,21.320506510906032,19.31087427083207,18.080473985422007,16.809029421255314,15.76297345961664,22.59925997834175,20.566139692531074,19.24952027694328,18.342168972151004,17.408007103299777,24.077829542983466,21.590527550192313,20.311490459155284,19.859109681212622,19.202759005351705,29.091170966118128,25.32742238745735,23.13649605656372,20.274771313241317,17.374920744911545,24.27974326633791,22.140317964309453,20.645786469083262,19.91156725615015,19.433918333864987,23.42532842051791,21.302915712935132,19.98028756549691,18.416704684265486,17.23519246695125,22.17748656693394,20.145345144898634,19.100614117500335,17.431788104676688,15.878004390928979,20.45421515188454,18.438449596407754,17.48481219818468,15.954696478145047,14.691642221975783,15.628716223858357,14.106779769465229,13.785035678511216,13.276718207187283,12.805262192300907,20.213093938492076,18.209073328169715,17.214298931599046,15.98905525854531,15.014731185514112,22.26148271692941,20.03269019321227,18.668839077160584,17.64888925611715,16.574314656904402,23.484244027421333,20.997902941005588,19.659399102482364,18.512654313423653,17.545728878568994,24.355566637894313,21.695112757967927,20.201052871239636,18.94263335411837,18.083243416078343,23.843456444884318,21.74070679908628,20.24052502745372,18.690006408134206,17.329137433203908,23.80563871785596,21.733653488156627,20.224561162638963,18.652325089923217,17.3167275421173,23.792152129328247,21.711134248683997,20.21948044891144,18.636260770812058,17.284592459532195,22.548249203857043,20.66700296833558,19.33783697188336,17.46871653210376,15.875545174035983,22.906093351914663,20.69665551824347,19.02877871953037,17.02710686154434,15.500569527061353,23.040073935193284,20.550435571906572,19.277201332712146,17.478117103745912,15.811841563697755,23.679552864196555,21.058485662629334,19.72812579997151,18.18520151642061,16.968353137988554,24.33680053485791,21.670254573798182,20.185362312294185,18.902734483752248,18.021239389068953,24.373674165258336,21.701357031530186,20.22225213389577,18.932288562451326,18.07632176419306,24.80187517010076,22.475133614327166,20.584475400892867,19.339408318561325,18.558213147316582,32.04601505950397,29.712492821767793,27.754628700179953,25.68346879238859,23.23553395366864,24.797656484518726,22.469204663626986,20.591007713419472,19.330094862251364,18.556497949521564,23.85652301597843,21.61349831429892,19.750260913710814,17.781798005235213,16.27613426210396,24.40332706736241,21.823473801447193,20.248089098644137,18.849044103650755,17.934888301975665,24.402529987266313,21.81656617603123,20.249922391282485,18.8711821399297,17.947700980315723,24.376953641416865,21.801535060784445,20.255076981268672,18.88599116447742,18.004372598023576,25.3855923555855,22.89524336702024,20.844903987572117,19.355300825797162,18.196862478485922,24.805567463374654,22.463439205178993,20.580862571104564,19.332892751219614,18.56559505689488,24.944521529903717,22.477862986685313,20.491239015488578,18.800986708982876,17.48022866795364,24.415500045797753,21.843278706213944,20.2553070400446,18.84704767268782,17.918224608385827,24.424560743922957,21.85197266576971,20.260264543104302,18.82703872192714,17.898286522631828
28.338627595762407,25.526964584020483,22.176731471200885,19.886944667471337,18.650946626893486,28.736738532548127,25.879951784341124,22.24349548404152,19.445968958805445,18.088449625434105,27.94704562980084,25.12350923880196,21.683939063131923,19.221829318669723,17.87366507747072,26.8391820169757,24.11186074907639,21.33141794243154,19.28008865136819,17.68882747005921,27.932839891026898,25.11282258877678,21.679228183900392,19.210459570260277,17.873920302097904,26.50840249231422,23.574965934188103,21.416027192086766,19.84079467436712,18.85434120801946,25.549000425098377,22.701190123502332,20.524576039128046,18.740966236412397,17.362530285781244,24.412494232673904,21.613136687462337,19.843072830612904,17.902391786240546,16.31623615270372,25.130672900494858,22.399927324384254,20.449165519335576,18.509126572220115,16.801173839236288,44.236116762256614,41.9803713505977,39.54853361794603,37.396278830510454,35.507072863712395,25.216715428236384,22.55226695981318,20.31819435647782,18.356125754706607,17.019360778468904,24.995906582484725,22.44219998505574,20.252821341332155,18.829154663375924,17.728204310400905,24.99686582506505,22.437720625624323,20.26359783868477,18.830020984963173,17.756899049589528,24.266595297148744,21.628180852937593,20.19493123957351,18.907961955185097,18.066058525682465,25.333300390390736,22.626476624893982,21.183444144711256,20.711359014843524,20.556041391781797,24.394931236846826,21.583964583906177,19.815236225697888,17.880890154666915,16.279148194113574,24.39583602068116,21.5534178729937,19.81576162883567,17.887118574481228,16.318138258360023,24.372691495026515,21.55039279740603,19.78078970758693,17.850163079568983,16.25899626986168,23.30313236695548,20.67692472789222,19.050911251839945,17.168082372604882,15.56784357979791,23.428669634561604,20.92940221167863,19.2275131054336,17.42017170799297,16.12402637556134,24.965620020375233,22.41280896946663,20.253202171057882,18.806444443997094,17.722435453285584,25.035234830627985,22.430660283125487,20.67479760893393,19.60909339500887,18.931609094506786,24.283953063016696,21.62895041868308,20.19060061151098,18.928090586663817,18.0536355937973,24.578880170692422,22.284394703672994,21.221896806723016,21.416003913824134,21.25428497985439,23.50538328883684,21.196583577735492,20.032516802963578,18.301121845251885,17.298365253940624,22.758785689246167,20.26509117838416,19.418698017480676,17.66332239260213,16.311799560969014,21.8800284738573,19.144447075180494,18.218791435815366,16.408744784759666,15.020994301054072,20.54130846012502,18.11004306287369,16.68683093413515,15.17801319199438,14.052360360476207,21.321761125771257,19.3108974854355,18.08022664578607,16.80906581612568,15.764128385798717,22.599739696280285,20.565709512736536,19.249427591136325,18.342862289669004,17.409452806001667,24.07778901476594,21.59020978066606,20.31156260288909,19.860133461705107,19.204458676407487,29.090098459518128,25.326043268414335,23.13559138975763,20.27406376728964,17.374039002289962,24.27929308295949,22.139902369387443,20.645932387977815,19.91223437139941,19.434028645504874,23.42515246647404,21.302217534820212,19.980154520130963,18.416683761202226,17.235687720648183,22.177966315548492,20.14465058701521,19.100030786423762,17.431695046200897,15.87861048041733,20.455606709715862,18.43775623150973,17.48430727994187,15.95478499345479,14.692386168287568,15.629228627340026,14.1071555249224,13.78466517946334,13.276303686103638,12.805275950596634,20.212846144802594,18.209363955481884,17.213548069119472,15.988967168346184,15.015493441585063,22.26150935916095,20.032368830928093,18.668618720706636,17.649435185441458,16.575084509652026,23.48394307489883,20.997277159949416,19.65910321905535,18.512928298937094,17.546273538132166,24.355145446704448,21.695218188978124,20.2010656314919,18.943233791467467,18.083594202451238,23.84338788011353,21.74081566149492,20.239990309913733,18.69012836832351,17.329313703970666,23.805561794949845,21.73374595106404,20.223991666869253,18.652434783140396,17.316949975055415,23.792091945760657,21.71117162763829,20.2189135282853,18.636395779453796,17.284712762800513,22.549202247759183,20.66723480435671,19.337359251392915,17.468624998183948,15.875912905323338,22.906826119821474,20.697449222570036,19.028569401328358,17.027428979363613,15.501053622202907,23.039966724731983,20.551119740016876,19.277533601256664,17.478336924151947,15.811854994589616,23.67911317138708,21.0586712626616,19.72797297063107,18.185648809466127,16.968402206105793,24.33636132266101,21.670362125548785,20.185321078860202,18.903303938441535,18.02161384435825,24.373225759362914,21.701495866675227,20.222239012696942,18.93288198126909,18.076722509440465,24.801813231868014,22.476035366080364,20.58417736230002,19.339261068862744,18.558154214719142,32.04574522531962,29.71304480363904,27.754940959047982,25.68395410245104,23.236186757871188,24.797613186716905,22.470076667436626,20.590703894098386,19.329971656156843,18.55645157805953,23.856857517337044,21.6143477965482,19.750259364442897,17.78202202478229,16.276373643218648,24.402905828101495,21.82368492195892,20.248092081960845,18.84963581773664,17.935233774362555,24.4021134448245,21.81677257553469,20.249898095168483,18.871787700913675,17.94804079989607,24.376519091596876,21.801690478547467,20.25513118231464,18.88654893871931,18.004684757576015,25.38542001893188,22.89645741258625,20.844898316315884,19.355202358528633,18.196873425690143,24.805526850019227,22.4643064540513,20.580572270863893,19.332768281163204,18.56547379099517,24.944370447282516,22.478880909803152,20.491286957444856,18.800756861871935,17.480251505686212,24.415101259779423,21.843503772549898,20.255291500405598,18.847655446498592,17.918608955425654,24.424178161498794,21.852197941930143,20.26030157908564,18.827593177835443,17.89859507832798
28.338323687332814,25.527321432633148,22.176775603539475,19.886178355970504,18.650258160631054,28.736554757711353,25.880121589804578,22.24394110739391,19.445023156106526,18.087745161159457,27.946824236448496,25.12391380713521,21.684552127058996,19.221202192286803,17.87291034408759,26.838817943461088,24.112191038259805,21.331675524910914,19.279306305275945,17.688067682658296,27.93262651617149,25.11320819764108,21.679846837310528,19.209844779950007,17.873110364496842,26.507027563856028,23.574409671061467,21.415379630448292,19.8395410966253,18.851273735228276,25.54854692681418,22.701249620170703,20.524632249822485,18.739655461748875,17.36054227262859,24.412131033615662,21.6131605306736,19.84343679919059,17.901308014480325,16.31434003160882,25.12970048237682,22.400578759699627,20.449491485820783,18.508318811743774,16.80036631038084,44.23640717710846,41.980038284093396,39.54884040169595,37.396464966985306,35.50744111477248,25.21582480093751,22.553010768731937,20.318896437556017,18.355500827847372,17.018599546684943,24.995560279911874,22.442889315268232,20.253326752287265,18.82802683110633,17.727080878009286,24.996556221980665,22.43838317319185,20.26399496739792,18.82885048484251,17.75592912453522,24.265621303084288,21.628764372272894,20.19433830483337,18.907916872099968,18.06532700940377,25.332742495911255,22.626574957093148,21.183524248730546,20.71060066751615,20.5552376504285,24.394483418816215,21.584079176802753,19.815669717137474,17.8797498824082,16.27744813271861,24.395396800820578,21.553495257732056,19.816203503459086,17.88593172430083,16.316295729663626,24.37223782058335,21.55051673538249,19.781192828618728,17.848994841962977,16.257081105843604,23.30225249957902,20.677653800459787,19.051297067525944,17.16780917203885,15.567591788260394,23.428286525927074,20.930400810864143,19.227538568437915,17.419512428910505,16.12338150050595,24.965331587044762,22.41346545217793,20.253642177805585,18.805373278566538,17.721411072302327,25.03479681793586,22.43082362566109,20.67451185339881,19.606881306865088,18.929154965302164,24.2830205789709,21.62949539901088,20.190057855537894,18.92801144428066,18.052847074548385,24.578622078501713,22.28419583631326,21.22152781723529,21.416151761997217,21.254508939736905,23.505103350085108,21.19589933127562,20.032510810996357,18.30059320088928,17.297417727398155,22.759055300047223,20.263933862184725,19.418027379609562,17.66268982659127,16.310419542776888,21.88009049914872,19.14409774929501,18.218589234096427,16.40778936063126,15.01959987465539,20.540407467332894,18.11094596286793,16.686675476115262,15.177921119471744,14.052670873258792,21.321931515149355,19.31117458666564,18.079906997501954,16.80732854507234,15.762197801766607,22.59934030673567,20.5649909758938,19.24845800520113,18.340545810356314,17.40638756213924,24.076269973259564,21.58980917002311,20.31020739166046,19.857727493606696,19.20169731934431,29.089610094218283,25.3260363978262,23.135545093526147,20.273890360190762,17.374189692194385,24.278959426218567,22.13945015705282,20.645683068788507,19.912366501497026,19.43367193773516,23.425220553109792,21.301325948811858,19.97926793046413,18.415957200075972,17.234635924460523,22.178401618025067,20.143980587856948,19.098831978125062,17.43101354498573,15.877584734029497,20.45658018900196,18.436889830736902,17.483268816234478,15.95432890255676,14.691808629981768,15.630404253309981,14.107137035432983,13.784465429182106,13.276185760324715,12.805394172103819,20.213378990952236,18.20985371901262,17.21297063495941,15.98775223542115,15.014432213391547,22.26074664731572,20.031894748751572,18.667984152639217,17.647880188873128,16.572370668842535,23.4829868588354,20.996625788873263,19.658308652452096,18.51183389249212,17.544879623545434,24.354257200918486,21.6958573332216,20.200484287989422,18.9431713939724,18.082813911849623,23.843460777476423,21.74112540188224,20.238805567046366,18.689803118450296,17.32847589538905,23.80563247698417,21.73408465459957,20.222763279591568,18.652133396920757,17.316186941916158,23.792196509389452,21.711402162478308,20.21769220378844,18.63608207037164,17.283857592931287,22.549322692758842,20.667731217291077,19.336496683982713,17.468234268476465,15.875279375117898,22.906885257798184,20.698669960522505,19.028704586374687,17.027437587453896,15.50071853737913,23.039183832761633,20.552301111109323,19.277993245130236,17.478228239348567,15.811721649367549,23.678533855987244,21.059419690321004,19.72764316108233,18.185390412030713,16.967921174379995,24.33550240370338,21.67100128476764,20.18469091067759,18.903269762061885,18.020896178000648,24.3723398018067,21.702122957242423,20.22164847674094,18.93281350846137,18.076032907102963,24.801498970346767,22.477114917981815,20.583381284166368,19.338845307542016,18.557647231403276,32.04435975076654,29.713115307660697,27.756082349535895,25.68507589217529,23.237007295647874,24.79732321904091,22.47116389469325,20.58993588728864,19.329574710052512,18.555967491038746,23.85683802593553,21.6155999814262,19.75026574081231,17.781759899176944,16.275470347334803,24.4020988151767,21.824315591177545,20.247488224642243,18.84953197587486,17.934425135371477,24.40132105045527,21.817412001389417,20.24929969369492,18.871640697652087,17.947222090387005,24.37568133173219,21.80231618405336,20.254565007361002,18.886387464955583,18.00391690698676,25.38492672360577,22.897476168452208,20.844309518763104,19.354401625402026,18.19612076711104,24.805232600033058,22.465384399133367,20.579811872301203,19.332366696265396,18.564854757153732,24.943869751916687,22.479984330858244,20.490868147499935,18.799703422908472,17.479125405338714,24.41431626004575,21.84417056234389,20.254720795602797,18.84754887207904,17.91784017052129,24.423425962358486,21.852863111513223,20.2597565964954,18.827463457720555,17.89780339643557
28.338745069248002,25.528128726510708,22.177172785900947,19.885565158145535,18.64956342222276,28.737296830402755,25.880967127103357,22.244492426090286,19.444202836315277,18.087253085518377,27.947695203170497,25.124990646994544,21.685142621588284,19.22069711400734,17.872258743050917,26.839132835537807,24.11301388686726,21.332615507328157,19.278707331177728,17.68728339469766,27.93348791041016,25.11427035762926,21.680374206853838,19.209394831431087,17.872375202718505,26.505643194319816,23.573599687401156,21.414854568298914,19.83845425518613,18.848226867153613,25.548329264160095,22.7012377662629,20.525807984028038,18.738448803649636,17.358221491363775,24.412111254227412,21.61325852693287,19.845044750550336,17.900398081050216,16.31224050099521,25.129143032879355,22.401476869661565,20.450234587666024,18.50787049367965,16.799459701625185,44.23684604579236,41.97952888434628,39.54929800213425,37.39674251091173,35.507965782062534,25.21616738218552,22.554445452460577,20.31977376558535,18.35521010519575,17.018204337111282,24.99639124137253,22.444271723022513,20.25392645577329,18.827540875896855,17.726904398079107,24.997404705047956,22.439750707808656,20.26455336763724,18.828345030827535,17.755891545379058,24.264476877086306,21.628347193751132,20.193457059527894,18.907734659957466,18.06504976437406,25.331737570938916,22.62573917683233,21.183157118628188,20.71007998691777,20.554254357826764,24.394295521528903,21.584278257275905,19.817375418671908,17.87882792408813,16.275609876346,24.39525543590666,21.55367913604318,19.817816452185212,17.884989207800498,16.31438084701638,24.372069829010048,21.550726417899966,19.7828410729819,17.848055034798417,16.255026088529696,23.30202056123879,20.678709162649778,19.05203431543399,17.167892925367966,15.567070360691874,23.428734155202953,20.93197502158911,19.227805323291708,17.419163112177632,16.123265918502597,24.96621181981492,22.414845673044375,20.254272361277962,18.80493656774715,17.72127149144969,25.035186339071664,22.431353614970355,20.6742197520432,19.605969428203533,18.928416572735205,24.28193650044396,21.629009251652224,20.18919071145992,18.927841939120487,18.052483518490664,24.577773492286468,22.282868539387213,21.221112513867965,21.416191392334873,21.254740602004237,23.504199467411645,21.194163508732014,20.033406987848366,18.300316160457527,17.296374704169587,22.75898271110498,20.262265705306277,19.41822821351156,17.66221896826108,16.309172974990393,21.880342111340894,19.143644086659013,18.219414020930113,16.406987040078544,15.018261671796617,20.539915920482414,18.111672675438406,16.686833977513377,15.178281160661461,14.052672187076078,21.322845864822803,19.312008169173176,18.07954443876003,16.806314702898007,15.761432770433364,22.599512072813216,20.56496946022443,19.24743491382786,18.339264297804235,17.40511985070408,24.07544247172178,21.589257361974088,20.308579996319473,19.85691580859777,19.201043441868524,29.090497547246464,25.328129165734232,23.137210168260797,20.275386925978967,17.375272851945077,24.278128020817988,22.13765460645804,20.645049474538194,19.912420117296065,19.432984126916633,23.42452410805455,21.29897671441807,19.978911252806903,18.41586378772653,17.23369067615724,22.1784175081891,20.1422449358185,19.09851205497546,17.430896271234854,15.876808973053258,20.457316335473337,18.435563485716074,17.48278307446367,15.954376036657859,14.691668014925696,15.632091932272495,14.10823715836103,13.784815917630933,13.27587256546857,12.805321897324088,20.214377853447136,18.21016531009349,17.21178130707567,15.98676950720827,15.013438253019341,22.2600955833515,20.030834569265114,18.666333710521382,17.64675961631534,16.570632424565332,23.482364448518375,20.995330465222402,19.65680505294172,18.51093250115132,17.544172249265813,24.353293126576933,21.695516998047708,20.199571731973563,18.94294544570939,18.08241631250724,23.843168889688588,21.74007043966752,20.237932349212958,18.690312169025663,17.327810014991375,23.805341992568405,21.733081990438183,20.221729493144036,18.652618569350075,17.31559166129652,23.79194490950822,21.71029943471294,20.216808124921187,18.63661294177659,17.283231848932502,22.549451265060533,20.667511328958525,19.336196846425487,17.46866618067323,15.874835997746292,22.907198853406257,20.699369059747767,19.028747804029845,17.027708429385058,15.500794347104739,23.039243688858274,20.553197198074816,19.277915076821305,17.478007511956207,15.811335509130817,23.678150608085048,21.059357893920172,19.726719278513336,18.184962379732024,16.967414070819707,24.334629507472325,21.67066274751481,20.1836809365573,18.90305794287818,18.020540026029927,24.371411782784932,21.701797648091585,20.220734738606325,18.93260687800742,18.07565691515167,24.80129599178277,22.4770488198728,20.582318684762406,19.33851309377941,18.55700276127659,32.042616670190405,29.713004552895246,27.757434990969806,25.68678193475815,23.238437582454395,24.797173638585964,22.471102780498857,20.588954780636318,19.329254092853486,18.555307988771936,23.857085116544642,21.61597191428862,19.75015634375293,17.78176253550701,16.274928839196207,24.40134391982139,21.823946803886486,20.24659455517087,18.849284108618964,17.93401290893262,24.400565472333227,21.81706552338692,20.248466215311257,18.871340810411628,17.94679600953731,24.374876559365145,21.801912806816325,20.253682303968183,18.886043482958474,18.003527907891005,25.384714728353796,22.897545310299684,20.843339205948215,19.35375166963382,18.19562059592428,24.80507767603465,22.465338035149998,20.578767528526267,19.33201252906825,18.564073513462475,24.94363481277031,22.48012898682348,20.49016019010359,18.79900741283232,17.478392909231957,24.413544144162685,21.843865811324058,20.253853479474664,18.847323501224817,17.91745391542734,24.422679488739522,21.852563380121556,20.258982303585988,18.827180974103705,17.897458795056586
28.338790829668802,25.528242493233027,22.1766736060498,19.885298577867644,18.64869247655019,28.73749536698933,25.880900152905546,22.244545101159762,19.443296054283586,18.08743281300761,27.948004482735882,25.125106449799624,21.685252799244232,19.22014794127241,17.872228375175485,26.839276877847706,24.1130685378014,21.333058831072048,19.278469468024944,17.686655255880847,27.933778476702177,25.114363549975096,21.68040687593307,19.208931858727492,17.872330531920923,26.50406892888333,23.572845298409682,21.41335602437228,19.836761563535628,18.845439886661392,25.547937768895398,22.700912661226976,20.52612284983564,18.737516000405485,17.35634815554404,24.411959079027383,21.61300499377914,19.8458658852596,17.899962822959637,16.31072452539828,25.12832094431218,22.40165735454207,20.450591269800135,18.50787479346543,16.798682430713516,44.23732788680819,41.97896638307682,39.54979160643696,37.39707478573343,35.50862979487079,25.216090762227825,22.55482249278243,20.320271321543665,18.35505634348884,17.018609074718764,24.996387021233463,22.444363198549684,20.2545102595754,18.827567644849484,17.72821017425241,24.99742111587845,22.4398178155719,20.265099278346508,18.828342007900126,17.757425636740848,24.262885525918453,21.627340135957358,20.191316947728744,18.906789087083066,18.06518212408241,25.330245079540713,22.62466173688123,21.181589801427343,20.709793074206083,20.553447294875188,24.3939702992486,21.584135866296855,19.818236920040896,17.87830734150371,16.27418346262819,24.39498682563455,21.55349539471633,19.81859702835804,17.884524448433993,16.312935246704146,24.371776070601022,21.55057407824479,19.78361148540881,17.847535741523345,16.253422739036417,23.301854474410526,20.678949410888784,19.052158140805886,17.168178641115624,15.56687106478811,23.42873882704684,20.932319926449978,19.227861010506512,17.418981553581663,16.12390173483838,24.966285200682098,22.41494725918076,20.25485063791223,18.805015143606877,17.7226350253,25.034429099754384,22.430537577500512,20.67407219884418,19.605975893564338,18.929709357511985,24.280405807419385,21.627916294781244,20.187052925260577,18.92689492489231,18.052564085362185,24.576619450297407,22.28132579568546,21.22004218335057,21.41617301367524,21.25515086170369,23.502883948234537,21.192300501935676,20.033210829344213,18.300265945492274,17.296019875971165,22.75845712496157,20.26022880463071,19.417895153259607,17.66188037650211,16.308380052119414,21.88052955081992,19.142908474579823,18.21954693636723,16.4065757859007,15.017431948620317,20.53907196669092,18.111565041748523,16.686395397909365,15.178637410058819,14.05261537720199,21.32277998299853,19.31161922529929,18.07932473251077,16.805968098819807,15.762191514227794,22.598710948954952,20.563548482904437,19.24686601416991,18.338826076180204,17.405796599530333,24.073636733768875,21.58759204996615,20.30736861649509,19.8573977111247,19.202862096774393,29.091012914888104,25.330676280299848,23.138877757618,20.27667917998046,17.376373336479084,24.277159020381173,22.135475654508355,20.643436969522288,19.912450482018116,19.43230160434341,23.423711337454986,21.296575218948114,19.97737852646512,18.41534306172804,17.233364410997805,22.17791204725553,20.140320954315126,19.097211813892724,17.430481071131222,15.8765011406594,20.457717548110413,18.433815598340292,17.481611352800616,15.95442060132542,14.69182442265268,15.632299292561443,14.108647033773597,13.78485480630876,13.275892907873175,12.804973669487191,20.214029280811875,18.21053778013376,17.211141412674774,15.985960190197124,15.012996596023433,22.2589672267081,20.029150606993568,18.664774550617704,17.64585012042584,16.57021193224883,23.481008856114126,20.993245865284866,19.654691385157108,18.509791469504854,17.54474163199262,24.352006626473326,21.69466524280309,20.19740078370535,18.94186128024223,18.082393932088436,23.842818566111387,21.738801513894355,20.235550707317465,18.69004943561337,17.327367486272873,23.80497441387558,21.731866731542038,20.219223719728163,18.652353898927142,17.31516996114942,23.791620676920754,21.70900655920629,20.214424943760484,18.6363605753619,17.282885760530714,22.54896513207879,20.667163303039093,19.33493509793617,17.468633463975262,15.874497376249513,22.90728266354632,20.699972356835143,19.027829518120424,17.027515765419725,15.50082067213902,23.039148266663876,20.554147429727667,19.277152916688177,17.477406636133615,15.8104977204057,23.677433555749342,21.05900740801029,19.724500825177252,18.183642579527817,16.967065833678916,24.333473264491953,21.669845649579415,20.181382186762153,18.90194686367267,18.020495839905024,24.370198453270664,21.70101140324146,20.218488328746147,18.931546936082732,18.075638317202806,24.801076186136235,22.476679686074515,20.57967513073653,19.337591611355855,18.555994350233036,32.03973983285493,29.713397253766605,27.759175186500304,25.688420955143314,23.240717145309723,24.79700827748636,22.470702779530104,20.586421714103768,19.328316540815113,18.55427891352216,23.857079327131157,21.616309852688655,19.748611120852175,17.78090794347801,16.27432806514867,24.400519676132927,21.823202304614952,20.244297462465042,18.84816616874811,17.933823605337967,24.39974990474253,21.81630765744188,20.24624466528886,18.87016322784499,17.94663836533783,24.37395084683635,21.80108156044381,20.251505275206384,18.884841552898145,18.003433216101346,25.384602194393512,22.897236295624033,20.841202215331478,19.35276884188436,18.19516127511258,24.804901082446715,22.46495892831158,20.576159763477957,19.331034852440236,18.562931920486946,24.94337637890294,22.480037865280902,20.487964094764465,18.797683829518533,17.47780270527291,24.412692013768567,21.843155509666463,20.251604858261757,18.846250967181103,17.91732097022348,24.421864816078322,21.85186581211576,20.25683941252137,18.826036906063575,17.897411426569697
28.33929331752397,25.528372227892056,22.176439989540633,19.884879691257456,18.648117904507345,28.73795820959911,25.88095625280936,22.24448846290432,19.442820918250664,18.088088856575524,27.948641298655676,25.125289104169184,21.68475582081116,19.219797256547643,17.872530672858773,26.83987669663866,24.11303928425953,21.333392999242125,19.27834929278295,17.686360623698448,27.934403586290557,25.114524378158194,21.679805849431805,19.208851494903964,17.872690016550486,26.50372569503239,23.572347727545857,21.411578032385897,19.835109011299515,18.843320744686103,25.548514927328288,22.700857899649563,20.526184570371083,18.736556497991643,17.355100331007662,24.412597369464592,21.613031808684774,19.846322694849423,17.899624882341403,16.31003018128192,25.127951505310726,22.40168165463709,20.450539747939818,18.507986867548045,16.798497761357634,44.2378367277779,41.978367627563195,39.550310145420006,37.39739826399347,35.50915817446903,25.216683829734585,22.55494875323929,20.319962742697033,18.355165705950498,17.0196137651019,24.997263257452854,22.444490542621605,20.25435881896618,18.828160910365078,17.730884813947533,24.998329691770785,22.439919221376904,20.264923095655718,18.82893639872525,17.760216803314187,24.261243333010036,21.62766225975242,20.189284036863576,18.906486037684473,18.065792673080526,25.330021255016856,22.624615416336223,21.17992446496766,20.709620902525938,20.552676841950877,24.394444815403578,21.584265790475975,19.818658755901357,17.877866151137447,16.27371125766416,24.39552810335231,21.553633275424207,19.81904686399062,17.88408912701662,16.312326559313224,24.372286659226685,21.550694703488627,19.783922082184528,17.84706003999652,16.252833932133075,23.302486585602427,20.67874770959226,19.051985962495056,17.168948652097594,15.567049448919546,23.429391800624508,20.93233083736521,19.227213136944222,17.419242084621203,16.125309507249096,24.967253721755192,22.415109083061466,20.254678239769042,18.805730729787516,17.725277569935514,25.035550765608956,22.43022488408962,20.673958509905514,19.607311967818784,18.933317995030105,24.278807493607534,21.628163454193054,20.185092937255394,18.926614353369892,18.053158148293132,24.575862591223913,22.280226699816662,21.219301773428484,21.41633556399492,21.255301471110275,23.503013026839003,21.191256025071564,20.032899239912005,18.299936013907782,17.295896466561732,22.758343490835024,20.258584262046114,19.417385527075915,17.661492956039258,16.30783181321481,21.88143586550425,19.142637135576837,18.21966115050955,16.406282132783346,15.017219149155858,20.53869975695688,18.111379598544982,16.686124326719884,15.178990637612914,14.053058512114031,21.32429731327074,19.311014827477532,18.07899009409718,16.806309431850462,15.764158794911951,22.59952452396627,20.562483225923547,19.2463388125233,18.33939521373193,17.408424275005416,24.074125437199847,21.586807288683406,20.306659626856295,19.859476631169372,19.207130745565927,29.092351000449128,25.330591684605732,23.138537449739275,20.276403984483164,17.37613885784961,24.27613625211299,22.1340835508887,20.642200684894398,19.91292318426413,19.431682812808923,23.423577227005747,21.294945097808945,19.976054778468768,18.415230230812252,17.23304413487615,22.178354865446476,20.138757834012026,19.09549370312828,17.43011710273805,15.876267551937438,20.45980335932345,18.432244914575634,17.480158866884015,15.954314096618486,14.692160529804509,15.632286849608127,14.109121395513004,13.784899423720693,13.275615581100736,12.80487989780664,20.215217905542787,18.21098681819777,17.21073674436378,15.985480611085185,15.01342996022189,22.25923328838573,20.028073732053514,18.66370241203117,17.645803110975443,16.571066184858662,23.480602899869425,20.992006247816526,19.652751462554956,18.509323124433795,17.546403984616514,24.350572325930656,21.69500664263014,20.19538648176881,18.94136541247792,18.082777066983866,23.842650479814296,21.738165736941724,20.23347115776658,18.6901439393015,17.32703159131135,23.8048289059125,21.731317343828334,20.217048747862012,18.65244923504609,17.314688773346436,23.791520446191214,21.708318014211994,20.212321691109434,18.636560829369778,17.282644981375384,22.549544993610457,20.66714063000888,19.33343668290116,17.46878335359269,15.874145798342747,22.908065315300924,20.700850669575626,19.026965351635415,17.02729513854284,15.50128803045612,23.04016592075781,20.55558906161283,19.276646651289195,17.477024970874986,15.810108789907485,23.677026198586614,21.059409042663113,19.72268552875193,18.182787403184065,16.967045655504833,24.332245126324107,21.670246511779595,20.17919478924812,18.901376669908945,18.020887148062286,24.36885380873035,21.701341823322384,20.216322717199315,18.9310637559673,18.076023555283133,24.800545910911733,22.477016968357976,20.577219516722263,19.337211475449255,18.554970633721133,32.03780721573749,29.71371478857063,27.760678885141814,25.68976896114569,23.243079703979085,24.796531874765968,22.471033113852496,20.584083020056703,19.327944116871784,18.5532438115732,23.857382538801996,21.61729682817172,19.74721581296682,17.780372403403618,16.27423679673389,24.399349489521406,21.823566072056582,20.242153098487808,18.847666791532244,17.9339404793355,24.398581119851404,21.816671054768403,20.244143743376195,18.869492927742854,17.946751996245215,24.372681670185507,21.801393717945764,20.249408318034416,18.88420136394792,18.003621779638873,25.383968747347637,22.897683059692895,20.839169961206295,19.352359473478906,18.195048906626283,24.80440936930721,22.465331148983555,20.573722200936945,19.33065716687199,18.56182089021299,24.942782900517727,22.480741947593025,20.485837713910346,18.796854358004424,17.477310876370442,24.411499618652524,21.843563226121134,20.249455652027414,18.845786801396937,17.917554305196347,24.42068898701591,21.852272723456608,20.254770137807938,18.82555273859159,17.89773840643641
28.33882501011951,25.527548115929076,22.176085461388656,19.884309954093453,18.647495774059117,28.737754070204712,25.88019048124252,22.244218006442395,19.442247000479252,18.088425197732864,27.94873182452017,25.12465682316093,21.68440716343798,19.219522171719028,17.87265769557908,26.839588353964306,24.112038434208582,21.333994318010916,19.278245894221563,17.685918568188804,27.934486800108505,25.113863029081326,21.679356320836057,19.208817240051992,17.87282810950521,26.502801653889957,23.570978458646557,21.410286577472906,19.83361358658002,18.841836755177944,25.548123864287458,22.699703297521975,20.52714107358854,18.735869486911323,17.353965816996823,24.41243715201296,21.612058721858574,19.84775638785097,17.899713961676266,16.309457960937625,25.126929465103604,22.400583775510682,20.451157130638453,18.508104546990694,16.798304083637852,44.23833842442417,41.977766935884574,39.550816925497486,37.39770331074814,35.5096002397434,25.216972945002162,22.554342020068116,20.31999353609589,18.355529139498998,17.020763797743797,24.998117306269712,22.443939907688467,20.254729691054877,18.829586618643525,17.73459267460494,24.999215150846208,22.439326546403827,20.26536239420853,18.830353103600082,17.764099909368888,24.258836878294023,21.627332350566878,20.187672482642558,18.90658131063049,18.066802602006028,25.32909762235164,22.624483733743336,21.178855553150836,20.710096771255888,20.55215908693805,24.394127294212666,21.583412744308358,19.820114833281504,17.87768168385374,16.27348870025984,24.395305046461676,21.55279729283024,19.820559889798666,17.883904595235705,16.31192140487205,24.3720103614839,21.549880466742167,19.7853100421781,17.846866694193686,16.252428165302764,23.302925640425336,20.677849971468028,19.052616396781282,17.169971605964854,15.5672674604121,23.429765672910545,20.93170839993471,19.22707544391111,17.419974014457168,16.127529142315638,24.968206924696297,22.414573716754276,20.255128879671346,18.807294878394742,17.729089125304988,25.036922613471646,22.429396736622326,20.674954746824543,19.60998251437557,18.938566867783976,24.27647568879671,21.627728476799653,20.18359277262514,18.926726826880717,18.054091865925706,24.574283575300612,22.279833808615802,21.218765161019274,21.41628136145044,21.255426331565456,23.502674362102827,21.19064126026199,20.033782852935467,18.29975276224519,17.296099580728306,22.75838090130388,20.256716886976008,19.417844776043875,17.661410999633638,16.30810197762697,21.88193351740918,19.141610385054925,18.220783807858297,16.40598510071405,15.017599294286773,20.538569672515973,18.110570870163848,16.68617606921808,15.179341196770297,14.0531786081985,21.326122199633716,19.310259980893967,18.079714974491466,16.807367706823175,15.767214753309636,22.600241901763717,20.561307922157066,19.24704778454662,18.341067037401583,17.412743229430905,24.074711306097445,21.58583435960139,20.30708317691321,19.863525438351623,19.21381761875659,29.0949816902275,25.331349152015854,23.13899866166728,20.27689712972924,17.376898813944795,24.274825190118907,22.13323686871472,20.64165905487096,19.913039447492555,19.431653534887765,23.423377516123665,21.29395917633283,19.975573483039874,18.414611802239666,17.233551997717345,22.179142579323617,20.13780618507934,19.09493553827032,17.42940668103993,15.87674927488713,20.462721737673984,18.4309753950646,17.479627801138893,15.95395898045369,14.693245366795217,15.632693330870806,14.1091901032556,13.785067206131703,13.275768656708307,12.805097603881947,20.216198947277796,18.211346479531134,17.211168088048083,15.98543304071665,15.01449898262076,22.25900893546616,20.026839023147517,18.66406795015861,17.646351104688215,16.573011835852945,23.479517272205182,20.990477978128702,19.651612843349536,18.509510721598534,17.548639529870652,24.348385049754675,21.69473850334838,20.193746655497954,18.94117514835465,18.083452515563426,23.842106202770648,21.73779413682746,20.232266077742185,18.689683595261833,17.32784355654104,23.804325636940995,21.73102253016533,20.215746395079222,18.65204725307564,17.315460156934652,23.79106649574578,21.707845734725996,20.211125922717596,18.636269520305667,17.28348699391301,22.549661004760353,20.66693686305214,19.332289343853876,17.46863468504816,15.874499807445998,22.90820288745743,20.701112130220856,19.026110250770536,17.027367624121112,15.502396874542278,23.04031595553009,20.556448476268745,19.2764113882158,17.476862981023686,15.809989188917008,23.675789619015113,21.059319304003033,19.721450969185312,18.18228257708862,16.96718105003077,24.330288824708894,21.67000938139049,20.177396140869686,18.901150053606777,18.021486678313185,24.36678758023254,21.701020965895527,20.214622414175572,18.930988879607213,18.076725419521793,24.799582585333408,22.477028208844164,20.575210934686144,19.33703797500626,18.55517342031559,32.03725009344332,29.7153616762443,27.762483222637265,25.690872274204956,23.244827694055882,24.79562656444697,22.47099527617953,20.582194243873204,19.327793145168194,18.553425075009518,23.857031401911318,21.617695783719874,19.74565328306928,17.78009647630631,16.274722596848775,24.39723345097852,21.82330651087932,20.240337997236686,18.847490548889585,17.934384426296344,24.396460802437655,21.81639339441309,20.242419969464002,18.86920613206093,17.94714547462375,24.37044518045549,21.80110347600067,20.24766735737204,18.883890379208783,18.00397392708646,25.382909099144083,22.89747690630161,20.837328550924113,19.352005833431857,18.195638966664454,24.803467861300298,22.46536170108042,20.571786653619295,19.3304834703937,18.561873098962625,24.941621136212778,22.480760789601977,20.483868826586086,18.796087059100447,17.4773240243243,24.409360492155663,21.843335791179253,20.247625508143358,18.845597829715295,17.91810196517117,24.418589765221768,21.85202694064003,20.25305005605357,18.825398432654605,17.898350686297235
28.33822807933216,25.526705089264937,22.175925631535623,19.883887767519127,18.647218238425012,28.737563080925796,25.879265125095355,22.244092997542317,19.441769587130466,18.089175229091143,27.948799268949486,25.12387801155008,21.68436147100128,19.219403265739036,17.872825238597034,26.838977633202344,24.111275769223273,21.334454839589743,19.277953281774927,17.685971181715065,27.93455268565701,25.11302003114118,21.67930461269978,19.208884750888373,17.87312560701402,26.501205754523312,23.569685830958527,21.4090369693364,19.832313163835096,18.840463561541508,25.54710714868515,22.69899419158067,20.527829164041435,18.735134586944397,17.353292117710936,24.4117788213066,21.611724269768043,19.848873287236867,17.89983575648763,16.309417436200384,25.12574197581275,22.400156526582276,20.451415873810674,18.507938493825275,16.79849070726067,44.238914070522085,41.97706517427446,39.55142701745492,37.39803434707068,35.51015120885209,25.21719865774226,22.553692668034156,20.320445915398167,18.356112242800858,17.022701624019174,24.998751112678306,22.44321773424882,20.255742001014454,18.831743544038396,17.739405967767727,24.999883845169254,22.43853384462845,20.26638456772273,18.832480606945968,17.76904737195509,24.256136426822984,21.627269766567803,20.186385447756933,18.907167670651763,18.068335482323157,25.327350901404536,22.62422477510038,21.178050963434696,20.710641435920227,20.552030409377164,24.39332658241285,21.583227829709305,19.821345586977923,17.877571087361684,16.273730778011462,24.3945934090841,21.55262685856595,19.821802364111964,17.883728802110607,16.31209168899908,24.371225412914402,21.549701414037617,19.786384539516657,17.84677838618673,16.252516070697133,23.303520865340964,20.677744287119967,19.053161248384576,17.170823777524628,15.567697440522812,23.43021114483768,20.931265637839097,19.22721741096444,17.42081038250802,16.130635712541373,24.968916686473122,22.41381256907497,20.256090420445517,18.80950252931049,17.734003437028484,25.037846544244616,22.428262233149166,20.676521555763895,19.614043784955513,18.945615710650646,24.27385076591855,21.62755777886779,20.182388173056143,18.927237468304593,18.055572281426517,24.57226133052983,22.27982196082092,21.218625828612005,21.41680463987461,21.256061727064758,23.501884873820796,21.190371880190565,20.034852909177456,18.300053572918134,17.296907005481142,22.757905309782906,20.255123748120702,19.418218280532006,17.661658772580836,16.308721353111178,21.881926548183557,19.140950876595337,18.221669099575028,16.406097882615825,15.018380679757685,20.53855447644176,18.11072768446122,16.68587300033433,15.179280469118101,14.05331883582197,21.327691774949493,19.30942555665536,18.080573598406957,16.808877113734148,15.771362855447586,22.60058215970135,20.559814168365993,19.247888723205243,18.34399765589092,17.418626273996075,24.074799361321894,21.584557939009855,20.30789365084085,19.869318822245088,19.222981941870582,29.094094298174788,25.32940409844584,23.13756612744637,20.275736052535027,17.376310946875567,24.273864270778066,22.132639075545132,20.641318918320444,19.91388966561395,19.43224857674018,23.423350135222492,21.29286693696662,19.975381121468757,18.414729225106452,17.234400201420527,22.179423687494896,20.136725838375593,19.09457822195255,17.429288834108593,15.8778251781074,20.464749149260825,18.429188400262422,17.479224808931665,15.953962930662884,14.694972601979918,15.633108794082796,14.109115800181446,13.784926088950064,13.275729249059196,12.805451433177494,20.21613305307213,18.21205883884391,17.21192424614219,15.985804999863483,15.01602166047367,22.258276424121167,20.02566277185573,18.66434239983657,17.64782987132528,16.57590473881366,23.477799735753102,20.988862768645916,19.650592905834813,18.510350015698666,17.551654269810687,24.345939813756367,21.69477002714788,20.192513739003896,18.94148154799036,18.08458858072316,23.842085516156867,21.73731551699195,20.23134472650202,18.690159076318015,17.329308226628473,23.804312514922174,21.730604348828162,20.214762704999323,18.65239261438007,17.31693630354597,23.79108151251609,21.70722353287205,20.210212884777423,18.63678801962189,17.285045082590763,22.550317023820295,20.666791088480757,19.331373480650967,17.468602005607295,15.875509112216097,22.908916176628026,20.701847879043534,19.025865639680784,17.027643926023934,15.504074065649025,23.040729239865883,20.557609727205534,19.276155056366157,17.47717314931891,15.81030748381243,23.674250184143855,21.059467924361144,19.72060601532156,18.18212874948541,16.967491640554492,24.328124243416084,21.670090570755768,20.175981399046865,18.90130478707127,18.02252945727639,24.364499775968838,21.701053443832496,20.21334799422302,18.931413407596526,18.07789734861646,24.799160413032677,22.47715218147989,20.573789588919187,19.33746787253331,18.555637343359397,32.036679957137245,29.713946027389177,27.76228751451579,25.690091163599227,23.244445106762022,24.795260894156808,22.471106600423333,20.580804944124854,19.328281688416727,18.553909075157442,23.857310334510103,21.6184256386392,19.744992635847463,17.780349948048972,16.275938568988153,24.3950675535469,21.82336513020586,20.23904715446117,18.84773349547668,17.935311689311057,24.39428497666291,21.81646353055901,20.241157391130955,18.869472386364393,17.947963848340958,24.368136117814565,21.80114462034537,20.24640682478562,18.884072032741745,18.00480487060836,25.382246567565492,22.897555448659663,20.835863765987675,19.352447036568343,18.196808450224616,24.80304327843518,22.46552401101562,20.570399811569086,19.330919105613706,18.562279669542136,24.94088173716451,22.481094748230344,20.482620625772388,18.795997885115625,17.47787813054307,24.407181808801504,21.843455821600017,20.246298345223103,18.84588840603562,17.919052332097706,24.416452856203666,21.852147734689908,20.25185236014309,18.82574465614946,17.899363955011978
28.338247571471154,25.52699811693351,22.175618510410626,19.883009654763338,18.646734540032107,28.73761859004882,25.879295569102926,22.244271461636423,19.441296665198763,18.08996701517261,27.94885920775792,25.123844561829934,21.68441777859945,19.219321020706204,17.873137199079764,26.838828399204186,24.111633329064315,21.334008296401247,19.27764111050216,17.68590890021915,27.934622157659653,25.112957118838327,21.67935776138306,19.20898052912742,17.873623749192358,26.499351542433352,23.56900391754695,21.406832996863283,19.83110072369452,18.839671976221243,25.5460089113366,22.698969501706365,20.527327411304153,18.734410455373368,17.352741173826004,24.41076140380948,21.61146906958576,19.8490245201696,17.89994454816044,16.30962131703978,25.125068046445556,22.40013113155175,20.450776929471044,18.507504174249544,16.798408898832545,44.23954443803835,41.97628153269117,39.5521097992451,37.39836544662732,35.51069750070351,25.217253587084294,22.553377800725734,20.320402524773286,18.3568970306656,17.024946938298665,24.99870523130031,22.44264197989901,20.256686873920806,18.834622492624458,17.745183720399027,24.99987608253187,22.437908258947996,20.26730949060651,18.835327995993886,17.77487140744692,24.254219732235597,21.626652108194488,20.184708003837823,18.90824744721663,18.070440192150983,25.32441121658694,22.6233695419416,21.17664649211553,20.71109319082383,20.55160322851768,24.392176869444537,21.583126692290243,19.821653021823078,17.877418946526983,16.274169992529693,24.393506023967106,21.5524862731639,19.822123324263863,17.883581518530892,16.312433516205843,24.370103913346327,21.54957014449892,19.78652809678703,17.846688829477607,16.25283006756577,23.30380881408436,20.67684028699967,19.052721649608436,17.17161644457396,15.568116511488242,23.43027356913197,20.930271861392136,19.22677850770886,17.422116274065736,16.13416534960348,24.968945721164264,22.41316725380144,20.257002905704873,18.812446719149698,17.739753111781773,25.037788314794792,22.427107103841617,20.678899610708473,19.619412796714855,18.95439577302242,24.27205962658259,21.626771768835557,20.180750603773006,18.92821838100766,18.05760332377805,24.56881634375904,22.27880599198892,21.218242178122644,21.41700697038854,21.256410674694738,23.499700018655055,21.189454832977013,20.035377288765915,18.30042670045447,17.297689384151848,22.75598574191357,20.252956357101095,19.41825360392509,17.66226543149591,16.309827085518315,21.88101631714826,19.139491159876407,18.22185745615369,16.406583336539455,15.019499541768704,20.538662903787746,18.110106045063752,16.6847709843905,15.179597049339495,14.05388726549462,21.32834989991685,19.308334798169124,18.081609707859855,16.81117149429969,15.776521193477889,22.60046519931882,20.558389874100385,19.249817294571315,18.347919262566474,17.42612535843411,24.074063747677013,21.583208005550123,20.309956217715413,19.87660112937568,19.234482683248157,29.092141488545224,25.3262140047127,23.134958156736367,20.272531083836405,17.373881807096662,24.271649899055884,22.130725289899658,20.640960638785682,19.914817607945345,19.43253770069438,23.422002435280366,21.29074965931805,19.97494644213173,18.41499541741545,17.235157443529165,22.17791760161817,20.13482008338674,19.094462266288136,17.429229012126434,15.879266354460755,20.464654980949224,18.42683950026637,17.47906425413954,15.95416734672776,14.697033425917505,15.633965602308812,14.1103136548944,13.784876696245174,13.27578062996686,12.8061268846787,20.21639659315629,18.21327559105346,17.212902031515103,15.986780365615502,15.018610383491469,22.25775402338265,20.02447306631414,18.665215470010924,17.64976734751432,16.579885429868263,23.476465723455338,20.98731414941408,19.650025512868588,18.51154158221499,17.555453074266094,24.344363727565746,21.694121359178478,20.190824249952964,18.94230757148907,18.086182529761302,23.841109231552736,21.73568272112129,20.23033956981628,18.690483953044335,17.331044019287923,23.80333722879231,21.729037253161888,20.213702014356535,18.65270214739483,17.31858555225053,23.79009388974881,21.705456498988262,20.209206317492573,18.637190128033268,17.286880913316384,22.549927440323934,20.665663931266838,19.330257316395006,17.468616347181467,15.877024166190603,22.90957209669015,20.701519025274553,19.024907607149235,17.02830789613975,15.506180344973206,23.04153328194913,20.558155107147233,19.275191768844078,17.477859054811105,15.810756135745029,23.673708110337227,21.059354977001558,19.719342956916552,18.18203650307905,16.968167297418663,24.32688695993886,21.669488372185914,20.174094300833897,18.901885553589594,18.02410505947007,24.363120079699037,21.70040157958186,20.211590782400727,18.93234764414415,18.079579204824512,24.798476224496056,22.476029784616188,20.571519881075606,19.33791001725884,18.556539905134642,32.03442067379123,29.71082019901116,27.76178933601012,25.68724174197762,23.242249112606476,24.794619568744277,22.469953052800648,20.5785824518487,19.328746057564842,18.554796800081917,23.857667489018716,21.618039151659893,19.743299178803902,17.78074553800902,16.277723077293096,24.39368378985682,21.8226809746778,20.23721115572781,18.848415644211236,17.936752640521444,24.392896159955036,21.815785681292677,20.239370222839106,18.870195765872843,17.9493242197578,24.366587324920975,21.800467713841975,20.24458295389189,18.884799900928424,18.006114017843142,25.381522557685056,22.89637456819606,20.833651802349912,19.352957501089247,18.198480326780857,24.802370859269327,22.46443339970119,20.568170225074624,19.331308567803877,18.563139034373435,24.94023681731907,22.480228859115538,20.480426670782325,18.7959807527437,17.479079894549272,24.405783442739956,21.842846307298622,20.24438789896099,18.84665625614714,17.920473700821614,24.415058746675054,21.851485988451643,20.250084647264565,18.826562560878934,17.900887471838388
28.337449952211724,25.52690230462769,22.175067047603843,19.882521005593873,18.64645595275476,28.736668307650255,25.87878788656589,22.244239906686065,19.441084067502842,18.09107857389799,27.947821648624508,25.123359191608056,21.684592516423876,19.21961797517997,17.873777634319858,26.837866066362903,24.111864069798173,21.33350443118501,19.277753424657906,17.686104184139893,27.933597090304108,25.11244639468919,21.67958244024952,19.209430034716668,17.87441447713421,26.497746862883222,23.56853158590634,21.40508460980275,19.830019806066883,18.83955405738822,25.54476065887769,22.699029037709888,20.527156021532342,18.734074037764547,17.352468334510657,24.409533056580766,21.611503274455586,19.849586292718445,17.90034004093656,16.309858459312366,25.12394863160787,22.40025907537947,20.450452048808764,18.507317438448776,16.79838891114808,44.2402208234524,41.975426775718226,39.552853739816555,37.39872441235171,35.51128178951806,25.216447918146166,22.553040883717856,20.32101119063726,18.35791392852937,17.02767218250203,24.997644992339854,22.441962735494595,20.257861877138364,18.8378373386733,17.7515677023897,24.998862267712248,22.437182902757893,20.268483128035456,18.838519992624242,17.781229600833896,24.25363482071085,21.62632904562813,20.182857693835018,18.909247912098913,18.072904907792548,25.322313546776634,22.622983133989873,21.17611123046626,20.7120993851836,20.551740241728243,24.39084646334569,21.583232335208507,19.822329743671975,17.87758296392109,16.27465625924222,24.39225468651695,21.552553599311246,19.82284937943106,17.883669089522872,16.312941325633705,24.36880781312989,21.549676026405013,19.787142535138887,17.846907454437975,16.253270956220632,23.303372135155776,20.676868490339082,19.052777688682312,17.172894738641475,15.56871972149918,23.429329569723343,20.930022374966768,19.22681801007034,17.423822980386326,16.138177895597657,24.96795639013074,22.412397993304854,20.25818103794891,18.8157495874306,17.746046960439717,25.03703638785332,22.425886756583797,20.68169226047424,19.62543247827012,18.96371371168897,24.271521287174192,21.626291869094164,20.17894613995145,18.92912932739193,18.059976454790192,24.566663763584412,22.278399721730516,21.218573401217647,21.417369080195805,21.257030820073822,23.498065212184123,21.189293388659088,20.03620671304282,18.30089335218538,17.29888081595867,22.754628342145132,20.251170965220705,19.418772049845284,17.66309718531322,16.311508823395485,21.880292323064282,19.13878552608949,18.222384847825314,16.407546449396,15.020815804173981,20.538098952307063,18.110203487608647,16.68425853321799,15.180342475487528,14.054479178757127,21.328085729222753,19.308250049873806,18.083060083510006,16.813465433352874,15.78225782261637,22.599994037158194,20.557429083574824,19.2516212161201,18.35204408671541,17.43400539466898,24.073577372652448,21.582297509970655,20.312379163873654,19.884578510927035,19.246722085960478,29.08801975336837,25.322435999556017,23.130794369481123,20.268616796786855,17.370912916659623,24.270044835150152,22.12958587145762,20.641400810456606,19.915811869177105,19.433553883866907,23.421900492166014,21.289067064375345,19.975407763453507,18.415575825688734,17.236207312649096,22.177416572510232,20.13294148029671,19.094845390619934,17.429675815856807,15.880911140073263,20.464726587745105,18.424419876943393,17.479827727396643,15.954579418462563,14.699198095771896,15.63445948589532,14.111634141779824,13.7846952209305,13.275777483101617,12.806746485759204,20.21763509070529,18.215398191445225,17.213726318588336,15.987793249614866,15.02172896767785,22.25828148120444,20.02406462284102,18.665571917629613,17.651849889194345,16.584295058641437,23.477047293241302,20.986808241917423,19.649405659733297,18.512790611075246,17.559727904860257,24.343817936593812,21.693793942913327,20.188890341831666,18.942983380064913,18.08816595603483,23.840352218543337,21.734218778260942,20.229625006286877,18.690943062508737,17.33259494964888,23.80257489540548,21.727598493502033,20.21302851534155,18.653116996698063,17.320031383655138,23.78933779166335,21.703810106353334,20.2085874002747,18.637704683066058,17.28852150123518,22.549182188010594,20.66431039990951,19.329477487536398,17.46885619886046,15.878852888180468,22.909576960957303,20.70118968564788,19.02362455497197,17.02923173400159,15.508349318871076,23.041748882313186,20.55876655223084,19.273671762921484,17.478542232710023,15.811278671408553,23.673742337349207,21.059612220744768,19.71770578909206,18.181921464216355,16.968976892528175,24.326556399690475,21.669152400864466,20.171975997137952,18.902370847757176,18.025924226256222,24.36267356316343,21.700017348849464,20.209653892469383,18.933197169627213,18.081486090843867,24.797557138823887,22.47488235109007,20.56914990975559,19.33799647335441,18.55658065610949,32.030865232290175,29.7063575816626,27.760661319075922,25.683861397984995,23.23920680410197,24.79373090019036,22.468736156589582,20.576235782793468,19.32884035021658,18.554868157136998,23.85759621552234,21.617603985880336,19.74097985167858,17.78109361660679,16.27955477688541,24.39263982473497,21.822289487134356,20.235058272466283,18.848900186142853,17.938542494793225,24.39187266907549,21.815380746516258,20.237264362725163,18.870785033478565,17.9510622362892,24.365468121837488,21.800050343397825,20.242464863451016,18.885360692650554,18.007667108458627,25.380545602381837,22.895199761274085,20.831449408199354,19.35335389894626,18.199591322157108,24.801456488981174,22.46329104574222,20.56579937233757,19.331275465393546,18.563211785562515,24.939319421036316,22.479395281061535,20.477853096549133,18.79592686710998,17.480071283033883,24.404729918777296,21.842461261186166,20.242181820587867,18.84728573819784,17.922153436662246,24.41397697608843,21.851082332733718,20.24796693055121,18.82720358937534,17.902666376330714
28.33657427099241,25.52636217939952,22.174087148568617,19.881567541606877,18.64619294810154,28.73564847442986,25.877742112191974,22.243686272771434,19.44018697210583,18.091802946615726,27.94666356175341,25.12244847533906,21.684087505090783,19.21926230704134,17.873878383794512,26.836994075610082,24.11182079995069,21.332599694698096,19.277240490736226,17.686528993486238,27.932449702225572,25.111504731726793,21.679133651269655,19.20928842233327,17.8746084484875,26.49606805020446,23.568186989242285,21.403597078556317,19.828546908460503,18.83908160635814,25.543622802631706,22.69895967607694,20.52668843022447,18.73330724896079,17.35227714628242,24.408542527903798,21.61144209974288,19.849805444788746,17.90007053946952,16.30975816106523,25.12279120877537,22.400101267614602,20.450176410008627,18.506661877922763,16.79854240472509,44.240839136224785,41.97463939189825,39.55352442006438,37.39904058920155,35.51171242777308,25.215569372836974,22.55227971423222,20.32100779133708,18.35773231681164,17.028408556696046,24.996648208221654,22.440997538814443,20.258173222397957,18.838366465361958,17.75406018541205,24.997916809282838,22.436209069344105,20.26879719256269,18.83902063765203,17.783725534701798,24.253147014745586,21.62647443760705,20.181197575101287,18.909578754526784,18.074186345100447,25.320046588521517,22.623181220428002,21.176112260877396,20.712444412930473,20.551418278548397,24.389744120844185,21.58323406711196,19.822612872487067,17.877125559566906,16.274728286483576,24.391205464814426,21.55250528343736,19.823192913796333,17.883186992460196,16.312966175655433,24.36773997968996,21.549648847257043,19.787347941342922,17.846507982813463,16.253380410580316,23.303092844429578,20.676925337719478,19.052757685164913,17.173609472392076,15.56862372472236,23.428284481851122,20.929543349641097,19.226475221607604,17.423984052757458,16.139566474166035,24.967017061270493,22.411375835338944,20.25847997576708,18.816340802396375,17.748439303553145,25.036342522249086,22.424543930559498,20.683224668155297,19.62743775557235,18.968028939154454,24.27107105852684,21.626271277561344,20.177355497183513,18.92936522169855,18.061197196936416,24.56441659372562,22.278607158312322,21.21958554353718,21.416948088121533,21.257335525221613,23.496236802172938,21.189624242059654,20.036716142896736,18.300514564344063,17.299392572714535,22.753082607094726,20.249374625694312,19.41894714661463,17.66333204188154,16.31220493929188,21.8797695337171,19.137775926984173,18.222528402289267,16.407937939902872,15.02141881310858,20.538265872959805,18.110751294890196,16.683633835978483,15.181074530392035,14.054903373874682,21.328457188485597,19.308315979176324,18.08384834123135,16.813517774481383,15.784470060070078,22.60078942272341,20.556418396834818,19.25252960863665,18.35297465741817,17.437388854205416,24.07356810148821,21.58171116340954,20.314279315610047,19.888785264049808,19.254221497687272,29.08488373373828,25.31834191099356,23.12636108840527,20.264966558507275,17.36775562099708,24.26801121789355,22.129084296732277,20.642262274984418,19.916002742493674,19.434228470122736,23.421151588039677,21.288148863377103,19.975954598079543,18.415055313513026,17.23638287814793,22.176038619298982,20.131262330806308,19.095020887104756,17.429291452149858,15.88144786134939,20.463950709735848,18.42214566948352,17.480490114247523,15.954114190552568,14.700081966303628,15.634095257545612,14.113191679192141,13.784600730087304,13.275739499327567,12.807057987420563,20.219268397920516,18.217224613926405,17.214036413043694,15.987978920899101,15.022684709217355,22.25983768576041,20.02440992860927,18.66601235430244,17.652085637447293,16.58552377538683,23.478507470310582,20.98696126242623,19.64905894718259,18.51274865806589,17.56147170516218,24.343301101434466,21.69392559372986,20.187221729392522,18.94316635036408,18.089155117273233,23.838708558319183,21.733472323075866,20.229000245346953,18.690541740752753,17.333220110168988,23.80092578978995,21.72680531022636,20.212538250835994,18.65270867160472,17.3205926786415,23.787682231555692,21.702877220538877,20.208098225873982,18.637423385918932,17.2891415461059,22.547549421258104,20.663331383033704,19.328719697185026,17.46828206825177,15.879454326783208,22.908916364195008,20.701161500844304,19.02240511028748,17.029661517018912,15.509555137611232,23.041426279959307,20.55908335082559,19.272452152631384,17.479359098832255,15.81192636995803,23.673764074862483,21.060271049055817,19.7165295968291,18.18180686691133,16.969595592560243,24.326196151426238,21.66926879605537,20.170187753054268,18.902418694912303,18.026907502334215,24.36222249578941,21.700093680530802,20.207907773249726,18.933591298873694,18.082519092545088,24.795980059116896,22.474301865605096,20.56707741441374,19.337338566510066,18.556172066175968,32.0259716649446,29.703132545779532,27.75948592919682,25.680595980475687,23.236258289265596,24.792177892572496,22.468105624116895,20.57415209229285,19.32819189856027,18.554506580220536,23.856541848164653,21.617451127873128,19.738853041890764,17.780820408955872,16.28042782303492,24.391569524545893,21.82229358370031,20.233147281366257,18.84895979895558,17.93946351928153,24.39081711957106,21.815362208778456,20.235382645951237,18.87090945191378,17.952001288706303,24.364328338674113,21.80004867352619,20.240606544026086,18.885463475441203,18.00840202554882,25.37910856087851,22.894431978146464,20.829359264135707,19.353024430558097,18.199948367237393,24.799911724204225,22.462692258190643,20.56376057221706,19.330502487749563,18.56279689113266,24.93792491003498,22.478773267743875,20.47549788958125,18.795281853832716,17.480097636043208,24.403633455311205,21.842438045656937,20.24029104278033,18.847456389721476,17.92302629432382,24.412845829880265,21.851119655800083,20.246116034191186,18.827376343670466,17.903506496117206
28.335847431136667,25.525358500393075,22.173617546320184,19.88083529065023,18.645624177449022,28.734457064872046,25.876363337908682,22.24318147239943,19.439165519686807,18.091991481902518,27.94543539167322,25.121149420420775,21.68373648067129,19.21917769037243,17.873541493455942,26.836101155540835,24.111258769246113,21.332186214888427,19.276371506764946,17.686544715875957,27.931228458147107,25.110178146605918,21.678832080498108,19.20941646975994,17.874413653566894,26.494489893106447,23.568007818301954,21.403316650307765,19.82694696983015,18.83819983424592,25.542641216730047,22.69846517432787,20.526827882824403,18.731987869201866,17.351480600689634,24.407692903357486,21.61103533390015,19.850161783811153,17.899257663458958,16.308960723895275,25.121815689712655,22.399421569496297,20.45006074996328,18.505740969389823,16.798426275919095,44.241409861298024,41.97390839934392,39.55413148155037,37.39935807795203,35.51221956922517,25.214496009216653,22.550889551296233,20.321412068640498,18.357617218594505,17.027690040205986,24.995724730849386,22.43947921791644,20.25803785336903,18.837483844056433,17.753444344015968,24.997055304871918,22.434678679143243,20.268674331000394,18.83812321650805,17.78314570955696,24.253300982479878,21.626509923871126,20.17976707113205,18.909401769264353,18.07435636931389,25.318344573239106,22.623926000112913,21.176107865866793,20.71204668496734,20.55061143603813,24.38886796205007,21.582867359810407,19.822886197023323,17.87606848635695,16.273855696426395,24.39038196573393,21.552070062103645,19.823584427450037,17.882099616025243,16.31223021897993,24.36689709297736,21.549151405560753,19.78761713306394,17.845567085730732,16.25262620904053,23.302546055500294,20.676172464356732,19.05262511455985,17.174477139820727,15.567988198447466,23.426921432810374,20.928463889229153,19.225909453774314,17.4235578410829,16.139151505608105,24.966145391641717,22.409820826456283,20.25834651789221,18.815497181623897,17.74774494305418,25.03590190325686,22.422775900683426,20.683280458286625,19.62661877687376,18.96780246267293,24.271248535527636,21.626127304027893,20.175961687748174,18.92919999741589,18.061351882509584,24.562947579986563,22.279422153433107,21.22040582256784,21.416520993918652,21.2570744955479,23.494576220540857,21.190431966743226,20.036972856201302,18.299774354301885,17.298981703438546,22.751701347892062,20.248202485463523,19.41946254230278,17.663474374506716,16.31182841656655,21.879567540153953,19.13677893967504,18.22269510540892,16.407944817318,15.020957144025713,20.538399135859123,18.111073877438887,16.683161294244577,15.18204708172681,14.055176716910024,21.328213379035663,19.307733385170035,18.084568702266026,16.811863251942558,15.78394491459121,22.601337564343556,20.555234357042494,19.253013565782762,18.3509324997044,17.43695101463016,24.073764958825883,21.580763161704272,20.315356454787185,19.889715569317566,19.25723078165342,29.083755276757763,25.31640370054164,23.12318150056339,20.26251102377698,17.365842015669102,24.26664666029457,22.12881694632744,20.6429442063413,19.916212869136643,19.43435189645769,23.420430323302536,21.28796936215453,19.97648579905813,18.414111230395015,17.23591347533438,22.174714092195384,20.130199734728933,19.095056845236446,17.428518794725047,15.880797004283718,20.463408489718176,18.42008110813736,17.48058251735036,15.953343229737042,14.69990086816405,15.63351738916516,14.113943896211815,13.783920547577559,13.275832733279877,12.807283729853584,20.220863346739723,18.219121361318575,17.214082539338115,15.987540299037569,15.022405264725686,22.261098533443672,20.025013329945644,18.665848322975346,17.650823872789132,16.584410896028512,23.479887156423718,20.987181634888152,19.64821294534768,18.51232913684167,17.56120404862994,24.343385733631045,21.693852747163497,20.18574441613036,18.943062027217398,18.089232504001657,23.837429952390732,21.732688309927294,20.228147358298916,18.689903325229277,17.333009348358345,23.79958477258925,21.72596965725428,20.211808556377612,18.652091683295843,17.3203121169604,23.78631079821853,21.701943274697793,20.207397064171627,18.636927183274892,17.28891134858768,22.545933251059978,20.662326830900486,19.32784184575077,17.46742289443234,15.878977729774174,22.908554198866824,20.701153697207868,19.021200217166353,17.02998277722598,15.509854352901117,23.041881985338623,20.559426641982242,19.271459101621844,17.480194725030398,15.812442186566946,23.67434334596025,21.060924677921655,19.71538645547555,18.1818924812313,16.9698890787686,24.326395274357377,21.66919738999363,20.168621298889825,18.90230894140939,18.0270438506654,24.362359109246555,21.70002401472335,20.206331319322004,18.93375298871325,18.082711468485677,24.794880125267674,22.473335421831607,20.56497344304102,19.336567900710968,18.55539551971864,32.02335330377828,29.703006930564264,27.760628347419225,25.67970052298474,23.23548613929421,24.791082385537663,22.467078338718544,20.572035433417884,19.32748829714065,18.553797062651995,23.85588810459008,21.61727155157985,19.736597025537705,17.780613023064706,16.28039214638654,24.390999870256945,21.822135129326274,20.231403037927386,18.84884900053721,17.939555538891515,24.39027258815168,21.81516280277524,20.233659912756668,18.87089339361692,17.952122226102738,24.36371261857824,21.79987959265469,20.238902594857855,18.885360478426097,18.008348322746883,25.37817685774993,22.89316469093735,20.827145654454597,19.352563362262543,18.199789814585486,24.798842702214184,22.46166661288539,20.561622022587574,19.329626145075554,18.562036512740292,24.936972857972393,22.477810418114657,20.472996900642393,18.794641554879732,17.479317696533744,24.403022976303166,21.842213963321463,20.238543614630853,18.847473281356898,17.92309829116086,24.412204082135606,21.850973411016575,20.24442665724776,18.827411431812724,17.903525511929914
28.335648295299812,25.524822991945207,22.173723433653706,19.880081024620896,18.644631096898614,28.733857954644304,25.87552277179371,22.24313750755882,19.43828732239888,18.091888732741115,27.94481975030038,25.120516962864087,21.68409134214766,19.219068548637484,17.87257478170271,26.835905549935646,24.11104549142822,21.332329632589133,19.275858285934167,17.685900477162193,27.93061720269688,25.109491612977358,21.679316693582454,19.2094659652941,17.873608477723387,26.49398737158647,23.568686073755366,21.403635541275506,19.82579946398609,18.83692918040574,25.542589488544614,22.698771278617556,20.527509587148757,18.73113146308415,17.349884313384457,24.407826649706795,21.611279525643038,19.850920291852386,17.89890305744808,16.307222236712434,25.12134993827216,22.39919267592695,20.45023196680906,18.505095843634447,16.798122093448093,44.241868860632636,41.973313684165724,39.55458942551862,37.39961789725828,35.51252343979496,25.214028864738836,22.54981545008036,20.3225447896224,18.357277127011894,17.025798653394066,24.99543957513222,22.43872517599913,20.258124001363765,18.835408988569394,17.749973296859995,24.996820112339133,22.43391986693107,20.268783226518185,18.836014144857437,17.77975362020446,24.253936339505113,21.625790991945237,20.179031092274144,18.908650828135865,18.073301839517434,25.317977439594543,22.62517198655444,21.176091322379534,20.711552900863918,20.5494419236785,24.38901434339656,21.583211190709495,19.823593558270552,17.875520008208305,16.27208393789524,24.390551479875228,21.55234725701755,19.82442802749258,17.881578710996955,16.31056935310767,24.367070056899287,21.549377266648687,19.788319745652856,17.845113573999388,16.25103406880768,23.302305729032277,20.675355883794634,19.052895898129858,17.1753115383463,15.567298902255505,23.42594391746803,20.92729940245715,19.225718561663776,17.422983568092363,16.137127874833805,24.965897957073775,22.40904363765102,20.25837759653431,18.813416103922904,17.74426120912385,25.036485631075127,22.4217057218297,20.682205542847363,19.622665795843695,18.96371830510839,24.27187443967891,21.62525843669756,20.17532608609692,18.92844302847099,18.06029148163285,24.562551158901183,22.279686687433173,21.22151022237665,21.41602228717012,21.25638109226682,23.494619166948947,21.191453515675907,20.03748168447818,18.298686172291916,17.29763552461646,22.752248085345197,20.2476194314921,19.42038977233009,17.663757400776802,16.310141593120708,21.88014890888203,19.13614154749788,18.22286909003038,16.408105973403643,15.019506513811715,20.53942513024308,18.111678568503656,16.682922283167457,15.183689442174327,14.05526019994352,21.328587406743978,19.30684801023993,18.08554398138726,16.809365754836602,15.780599329959232,22.602133180191032,20.553691034361588,19.252957195631602,18.34690269756892,17.432546968016172,24.07523626772295,21.579771683214773,20.31512610345933,19.887568236721687,19.25622988741425,29.082851105705604,25.31479432408448,23.120819462095994,20.261023354690852,17.364350471712406,24.265865287726278,22.127974951987138,20.643533159678704,19.91624428699209,19.433767389750034,23.420421296585374,21.287466818357014,19.977080558983058,18.41335462629501,17.234530246714737,22.174709128700137,20.129433635523586,19.095344059665628,17.427849405903018,15.878921998497022,20.46318606346222,18.418644535525242,17.480994459385553,15.952667358428162,14.698610749623775,15.63432685289625,14.11413810066516,13.783096976236738,13.276363328108953,12.807807071782909,20.22259155312648,18.22036530378458,17.214294764122332,15.987043217344567,15.02077841442603,22.2625312482591,20.025020084795752,18.665525166363288,17.64880548521084,16.58075162269962,23.48193396050834,20.98682229659071,19.64772420808496,18.511373742187345,17.559597983801563,24.343822057296137,21.693061816155595,20.18503144661604,18.942462743939647,18.0882886621742,23.83659619420056,21.731439267752748,20.227636395986973,18.689291482578493,17.33197987042495,23.798683032552834,21.724775683663754,20.21145418155639,18.65148736957872,17.319232846713216,23.78539835899992,21.700663878447227,20.20705925351056,18.636455917740605,17.287851840627955,22.54500964878066,20.661771672257043,19.32710221543031,17.466701640140062,15.877437095282248,22.908005735053784,20.701158353052143,19.020130977422877,17.030046586809068,15.509415097404952,23.042481101551978,20.55973184861717,19.270816550134114,17.480906141053392,15.812840872221205,23.675053115077734,21.06087789144737,19.71488185424298,18.18171004538545,16.969983639849705,24.32687307167001,21.668362325412243,20.16792353292983,18.901712294721808,18.026273208313064,24.362820187063104,21.699204598215232,20.205579305325003,18.933427918366274,18.0819731048568,24.793850710033652,22.471840626628108,20.563858927529132,19.335733528768472,18.554064384522047,32.02004637470665,29.702066787137078,27.76103891007174,25.67802237323004,23.233451850167892,24.790044827415077,22.465534981545204,20.57094374458435,19.326692054546502,18.552494203339915,23.8552357014027,21.616745012733674,19.734665524183125,17.78029860874169,16.279574415833743,24.390734658284924,21.82123862577615,20.230497348453067,18.848313181597838,17.93878201123831,24.390018149701255,21.814229554519137,20.232799784685547,18.870405817611125,17.951436044841653,24.36340404766387,21.798974990858266,20.238035817264088,18.884783584414382,18.007458872679436,25.377290907422065,22.89138263851711,20.82605507159307,19.35172974538895,18.19892215446525,24.797814749570488,22.460108579580535,20.560540278178593,19.328632429305554,18.560750644254984,24.936098360681402,22.476268048768816,20.471472119503538,18.793717862257456,17.477713525040166,24.402711270718232,21.841234846144072,20.23762305763565,18.847035986148967,17.922361953997388,24.411837319556614,21.850074463822143,20.24353648889537,18.82697100039387,17.902716591460816
28.335561137590915,25.52483646766959,22.173507405945834,19.87970824926241,18.644253664064614,28.733693018237428,25.875335487949567,22.242913605324347,19.438020987452994,18.092154202297042,27.944953373879894,25.120498581754962,21.68413321815095,19.21926007731397,17.87217036064851,26.835843641163503,24.111380176064742,21.3322330641597,19.27587160622424,17.68553576856985,27.930772228391234,25.10944023708859,21.679449876390468,19.209684793369114,17.873259357379965,26.493086887181665,23.569560905512336,21.404026102367073,19.824842311612723,18.835827504076153,25.542271361347694,22.69943778618743,20.52782619141662,18.730713203192515,17.348859423782343,24.407736354728733,21.61185738498749,19.851092405031135,17.898909589640468,16.305913135748604,25.121504044436538,22.399510677802816,20.449976262587114,18.504945551958365,16.798037795112794,44.24222477562397,41.97285186685449,39.554942272297964,37.399855098714774,35.51285813792365,25.214387473105226,22.54989899461856,20.32340420181141,18.357251089165807,17.02483969737321,24.996282089854002,22.438737237904878,20.258325409390096,18.834221187046435,17.74744362760247,24.997646323644844,22.433914671410548,20.268942564884977,18.834746129288437,17.777367490831097,24.25523328704338,21.625565943317312,20.17898168829489,18.90776948538706,18.072635131653247,25.317159140231176,22.62629933011428,21.176254349377917,20.7110685253467,20.548319919334944,24.3889343775409,21.583886500030992,19.82379564631534,17.87541464140444,16.270953501282182,24.390518710752072,21.552977593825368,19.824745887406937,17.881474816397816,16.30946889254612,24.367055382199393,21.549938822585847,19.788526966405115,17.845057669502907,16.24990289406924,23.303035361945945,20.67560471700068,19.053173836452153,17.176009929220545,15.566676401553789,23.42637370361318,20.92698779388028,19.225727650647848,17.422810692034705,16.135729409347412,24.96674529998818,22.409050652852205,20.25845980111794,18.812204222910136,17.741728821573453,25.037930305980336,22.42146567386727,20.68138303673969,19.61970953434278,18.96068439373698,24.273189382435355,21.62501041753922,20.1753195142917,18.9276251366772,18.059599696997033,24.561974797098642,22.28005811858675,21.222244313253807,21.415113468341048,21.25556134310826,23.494022029671694,21.192468266743802,20.037739606872222,18.2982503544826,17.29690045736982,22.751729561201806,20.24757753358852,19.420894795894537,17.664255067524653,16.308707441180285,21.880524003742657,19.136249853400223,18.222794622733847,16.408405285890183,15.018521388517135,20.539044986037307,18.111925837003252,16.682530353071357,15.1845186242949,14.055127339939279,21.329879117957915,19.306895260340458,18.086914830731608,16.807559986650833,15.778168234263868,22.603564635157518,20.553018915706804,19.25323402717427,18.343852103067185,17.429222716712328,24.077153833064642,21.579785698120606,20.315294579353534,19.88669128588129,19.255947988062452,29.082523750439098,25.31363848642591,23.119051473021337,20.26005613530262,17.36302942988846,24.265754504251262,22.12759414425227,20.643916093646794,19.91631055186955,19.433164445822324,23.420594924416434,21.28746449766531,19.977470377927034,18.413265800899325,17.233344209712044,22.174763091597885,20.129289977712418,19.09516366158764,17.42788767814563,15.87756890523431,20.463111348878527,18.41783608082254,17.481189499426335,15.952327273687876,14.697831992944842,15.634787951963334,14.113629231345964,13.782293347006599,13.276748191084458,12.808138700251092,20.225377594362122,18.221323276978364,17.214594474838037,15.986677217523802,15.019548785891766,22.264738271010163,20.02553453368486,18.665647567188298,17.647270260635015,16.57799037294299,23.484281499455115,20.987145104547544,19.64748044183878,18.51063034984076,17.559001697227547,24.34496342622296,21.692775125689952,20.184897287335986,18.94168623028685,18.08774830852753,23.836791117604022,21.730920624846043,20.22716718531921,18.689410250368187,17.33127452545183,23.798860775581495,21.72428897814282,20.211136242021134,18.651703750846256,17.31838533957106,23.785557390688766,21.700154694890486,20.206741506118256,18.63671384740671,17.287197521837577,22.5453634856806,20.662047232574754,19.32675069805889,17.466415743696874,15.876334491203504,22.908514084522793,20.701958548046843,19.019494359611382,17.030377249560306,15.509083403678257,23.044060936156633,20.560305563692612,19.270566221271697,17.481688360833818,15.81300795803225,23.676794250155574,21.06115978822334,19.71494114188137,18.181243522150368,16.970149022299378,24.32804661569961,21.66805934634199,20.16781243828797,18.90100140642132,18.02584924031918,24.363954789367373,21.698929329682528,20.20550920329756,18.932858244765548,18.081509572180938,24.793893923048955,22.471289874609756,20.562955343462626,19.33546271848106,18.553213900291126,32.017492196570686,29.701154428628975,27.761110007628588,25.6759861151792,23.23086462593072,24.790065875971976,22.464936511536195,20.57005637641088,19.3264418010675,18.551715006655463,23.855500014281812,21.617106739390763,19.733534234354604,17.780262920329463,16.27889823495353,24.391710821184407,21.82100413114124,20.23025905646557,18.847719364621202,17.938371566007635,24.39099299419193,21.81391597403952,20.232658134803458,18.86978258618755,17.950992807543265,24.36440853003056,21.79876176920162,20.237821444478563,18.884120972985716,18.00689716859548,25.377421808409657,22.890681003476658,20.825218422442394,19.351194365012553,18.198610565577575,24.797845751488975,22.459516886386915,20.559619349002908,19.32826208780855,18.559936732482896,24.93624513585099,22.475837283364996,20.470642749066155,18.793120059782776,17.47661382687298,24.40365170583385,21.840932482114106,20.23743777318456,18.84646083259389,17.921941667025504,24.412761704686357,21.849849660242867,20.243341463803045,18.826412641914427,17.90214020462838
28.335519256850485,25.52489339290655,22.173555970156567,19.879564845387097,18.643604401422543,28.733725723713526,25.875284143391063,22.24324448651588,19.43772667341117,18.09223501663361,27.94504412016904,25.120525864104117,21.68481732924463,19.219352194644365,17.871637258494182,26.835991254181284,24.111617643866232,21.331882488145055,19.275717422857625,17.685317097704406,27.930880103881886,25.109446006058313,21.680222148609626,19.209849272630766,17.872840310963976,26.493128840639503,23.570199355813873,21.404069809106588,19.823976703428517,18.834981703021633,25.542639355589905,22.70008350370323,20.527685564877043,18.730388654594933,17.348036270420383,24.40835044713134,21.612660428628065,19.85075521208148,17.89907356144945,16.304904879596734,25.122037275377757,22.39990420596289,20.449539208509062,18.504777683766555,16.797849397377277,44.24249029655479,41.97250442830511,39.55519606182881,37.40002848849975,35.5130861607007,25.21466127115271,22.550295950546555,20.324237090090918,18.35692777772447,17.02406933105817,24.99685571856238,22.438997970745277,20.258368624016995,18.833050459919207,17.745671984839447,24.998200582209176,22.4341648451744,20.268966434573986,18.83352376949875,17.775738759446824,24.25720419161215,21.62535931495746,20.178792390868963,18.907471187644212,18.072546606133123,25.317471527460157,22.62698314495978,21.176249769161423,20.710760727211504,20.547924883320604,24.389526018551607,21.58479433254847,19.82353335047865,17.87549514361512,16.270126504548095,24.39113140552639,21.553819041265736,19.824507820944035,17.881488326514557,16.308689449737198,24.36767209444127,21.550741151289802,19.78818589129163,17.84507219561755,16.249158746663927,23.303590915208595,20.6763744039607,19.053395053988705,17.176542633904923,15.566263605348283,23.42664366656948,20.92725770093923,19.225619718313084,17.422264439385195,16.134802365411854,24.967314164337147,22.409259918236028,20.258423212452065,18.81098300520008,17.74001086284752,25.039167814734427,22.421478308443053,20.680937433225942,19.61762342213089,18.958705252666853,24.27516767871128,21.624797051068658,20.175138722348436,18.92737979603992,18.05950472975229,24.56264006404887,22.280082640424983,21.22296308129402,21.414481253080528,21.255292013696067,23.494190279615744,21.19295852642185,20.037423949013967,18.297840790455314,17.296390434204376,22.75217339558446,20.24796067478995,19.420638233257968,17.66461609525295,16.307424899084715,21.881251907176726,19.13741293406796,18.222388114544238,16.409138300685967,15.017778964117362,20.53849914930598,18.11262019291629,16.681968188596738,15.184972543440924,14.055289653579395,21.33070322109598,19.306887835902856,18.0873804157917,16.805989696898482,15.7765060451936,22.6046818590502,20.552613532441075,19.253123544913837,18.341559207440728,17.42706774063586,24.07897892859664,21.579961459102044,20.315227749910644,19.886395144972884,19.25628339285176,29.084774843818064,25.314584588585294,23.118639138518986,20.25995788234611,17.362292802841704,24.2667196544668,22.12706240210217,20.64445730305524,19.916412101389465,19.43301562694073,23.42177907981092,21.28735153835522,19.977379354667292,18.41298018226269,17.233008565935403,22.175565770917192,20.12903239524062,19.09452603402154,17.427595450004794,15.876727822713045,20.46372581929797,18.4172465855349,17.480886298450677,15.951721729874386,14.69746596088392,15.635038089936385,14.113795082338344,13.781163409754226,13.277106236659588,12.80843861349931,20.22720645710025,18.221994885391208,17.214348297378567,15.986589470638679,15.018682493682494,22.266966910401806,20.025751965975388,18.66530989660504,17.646672734629604,16.57627624994569,23.48665926808889,20.98743392938544,19.64734582604678,18.510523620521592,17.559003995475766,24.346814275646043,21.69250641105888,20.18465670003394,18.94145379426469,18.087794548203313,23.837823947927838,21.730211370763737,20.22681504228978,18.689170923118436,17.3310717279589,23.799891121257744,21.723616780429023,20.210834906989703,18.65158785763333,17.318112413835397,23.786572917027048,21.699461578881916,20.206459130915622,18.636664075207587,17.287080652274295,22.546309994144977,20.662214988787223,19.326036788600742,17.465758560151663,15.875716228068491,22.90920639231477,20.702733326625285,19.018592089837412,17.030644941496572,15.508939785387343,23.04542837915256,20.560831947070913,19.270321072341915,17.482350272075337,15.81310044370866,23.678931832884313,21.061352250754435,19.714835343281905,18.181245509013714,16.97056626795299,24.329908883940156,21.66781591335917,20.167616121115465,18.900774070837635,18.025927924466245,24.365767855305826,21.6986877090917,20.205342789687663,18.932737078747913,18.08156517623771,24.794722969221034,22.4704554526244,20.562129179090842,19.33521726830709,18.55280534115173,32.014029708340274,29.70008020991648,27.76039661290715,25.673228388233394,23.22873656555357,24.79088608793649,22.464041630588785,20.569249686484284,19.32620151673453,18.55134973593481,23.85622056329999,21.61726095305712,19.73232790903696,17.780292630569708,16.278672675277523,24.39363776040251,21.820733624897862,20.22993429338773,18.847577003962236,17.938533172591278,24.39295979534285,21.813595418044667,20.232375570318492,18.869622887811147,17.951119643773392,24.36639224751746,21.79853610215255,20.237509972532195,18.883961742822326,18.006885819109318,25.37822008274467,22.889876412409823,20.824451126290835,19.350840314291844,18.198564009388576,24.798656228786538,22.458627421749316,20.558747804526842,19.327921875947837,18.55959508180886,24.93719785177332,22.475284002989234,20.46990551653743,18.792747229608178,17.47612831443511,24.405568714198754,21.840611382848333,20.237137630410043,18.846328196536668,17.9220427809045,24.41466474117034,21.84959861821574,20.243065431889416,18.82631174437893,17.90222235308947
28.33502692547457,25.524297129698258,22.17280930794161,19.87935893231581,18.643370866379485,28.733310888978767,25.874651940308052,22.242659830698916,19.4374806446188,18.09206576076637,27.944663518049648,25.119919365086375,21.684619281880984,19.219439677335423,17.871329700194867,26.835442045093572,24.111072524598526,21.33110777258222,19.275635988075983,17.685168020559058,27.930516644184905,25.10882347943516,21.680038771120703,19.20992656757587,17.872595136246872,26.491732229246544,23.569985887040335,21.40335082448761,19.82380758812113,18.834864241285096,25.541696942834005,22.699843285461345,20.526912163004283,18.730285990999622,17.34759994472185,24.40762919551505,21.61249263752073,19.849973124624555,17.899078839487178,16.30451549695899,25.121481349962895,22.399593887973285,20.44921417799841,18.504840217741513,16.79784429152896,44.242600056811355,41.97236330633905,39.555306893064284,37.400121616098126,35.51322825485916,25.2146880409939,22.550201139702583,20.324352908795483,18.35714738782773,17.023841036731156,24.996680051479235,22.438721275963182,20.257932694334205,18.832579389469597,17.744792977658772,24.998018164400392,22.433862436188168,20.268541438349157,18.833017503097224,17.774927018052765,24.257861591283437,21.62495296270152,20.17893074709739,18.907019672243578,18.07265793937782,25.316088222530922,22.62688920659186,21.175585491284096,20.710879351641843,20.547990881722328,24.388760667380495,21.584681842113586,19.822810890109903,17.87542990063833,16.26986340216693,24.390389302876994,21.553657158370015,19.823776919349385,17.88138964732762,16.308352203555227,24.3669531813876,21.550579207745077,19.787403030167575,17.84500157283869,16.24885238352271,23.30341613576867,20.676127832856068,19.053059059135926,17.176766703248862,15.566124542506113,23.426558795145517,20.927078470581797,19.22522483386557,17.421892446809384,16.134669335081092,24.96714525915014,22.40891089196535,20.257927476325985,18.810504523180533,17.73912093407591,25.039160602458157,22.42097962189186,20.68041442301927,19.61642923954976,18.95764245691149,24.275823953241048,21.62437121330034,20.175270552069257,18.927012265811364,18.05955458126283,24.561834975450004,22.27965617874757,21.223326514694314,21.414552064313856,21.255419611717667,23.492733881533248,21.192533982296855,20.036832947449394,18.297433196522345,17.296334644114076,22.75120157076482,20.24750638212875,19.42029355699026,17.6645177313434,16.306992294600082,21.880459930169874,19.13741452512518,18.221667769673523,16.409101634084124,15.017405817939828,20.53801233682451,18.112367850970173,16.68117244857715,15.185080947004696,14.055343661013088,21.33072923193842,19.30712044207204,18.08754954661365,16.805049780042943,15.775738906590256,22.604927788273276,20.552058627060184,19.253067010906577,18.340435221605112,17.425713652812743,24.07909009791289,21.579865502510213,20.314764492128056,19.886294140265278,19.256508937931663,29.08635908606441,25.31435937052347,23.118599659271215,20.259702815087618,17.361985094765043,24.266492870286637,22.126267647663205,20.644954520725324,19.916556023497666,19.433310890611953,23.421659880516525,21.28641577277044,19.977706370468287,18.41261367672428,17.233103008500528,22.175289080092703,20.128477386713616,19.09452470954967,17.42706612169241,15.876478943720212,20.463682599001544,18.416611715491808,17.480897488959478,15.950785525790788,14.697179597721101,15.635028154922026,14.113389895287979,13.780008739336719,13.27701256660871,12.80846359201561,20.2275889580947,18.22204291002713,17.214040531425088,15.986259943567944,15.01845737402444,22.267708009457834,20.025821672204973,18.66496480275264,17.64606162215954,16.575353686128324,23.487228271024573,20.98751708491354,19.64739182910254,18.510147712263226,17.559051893887315,24.34746192058849,21.692050930378095,20.184794310629243,18.941078979603592,18.087936169096622,23.837958247057514,21.729362801875688,20.227463798966067,18.688713709971246,17.331320122668334,23.80004010801855,21.722847099742392,20.21150936168416,18.651208587867618,17.31832835548177,23.786695260033287,21.698650314463254,20.2071836756332,18.63629475622375,17.287352701196966,22.546824009508995,20.66214179101924,19.32616522238019,17.46498231663549,15.87550528455868,22.909303842713726,20.703061937267236,19.018353261472242,17.030229743397616,15.509051339749796,23.04583801079911,20.560915600856553,19.27012061584048,17.482141046617574,15.813141277490724,23.679825032829395,21.061240788390705,19.714959383621128,18.18089219496666,16.97091252335478,24.330590347323902,21.667382224026554,20.167778524904314,18.900359788553512,18.026042216351,24.366413683341097,21.69828072377129,20.20553806087134,18.932402658335302,18.08172835774594,24.794976239777043,22.469511057416394,20.562483835302377,19.334800985199173,18.552833690809692,32.013158736489764,29.699811759657,27.759970679635984,25.671963292370254,23.227459961911034,24.791140263843385,22.46306281688443,20.569667704937203,19.32581398973289,18.551313325123914,23.85645260180603,21.61702836674349,19.73244353571129,17.779801390086604,16.278752626200053,24.394428247785413,21.820298798471804,20.230118183893683,18.847190852831684,17.938810952032778,24.39377392640007,21.813083448435528,20.232557438262585,18.869321129099056,17.95132840168334,24.367229807139104,21.79813550265826,20.237696586746758,18.883591281306106,18.007027579192208,25.3784876663748,22.888929514800484,20.824478792060518,19.350526555929374,18.198677609644346,24.79892090737229,22.457686159664814,20.559074984795593,19.327426478035388,18.559588638779463,24.93750073085564,22.474588142834737,20.470151135910747,18.792287541145523,17.475923198520025,24.406367033101517,21.840132135173413,20.237298056748102,18.845967342232235,17.9222720766937,24.415464775758235,21.84914752281421,20.24323541585405,18.82596906162417,17.902430585786096
